% MSE
(0,769.3366336633663)

(1,401.7456119328231)

(2,334.4828241911374)

(3,280.5897413238705)

(4,234.44767778315935)

(5,195.14737116506785)

(6,161.86485521792906)

(7,133.83629941613614)

(8,110.36266546487872)

(9,90.81180725580498)

(10,74.61824973645568)

(11,61.281030655797714)

(12,50.36005482341326)

(13,41.47143379921639)

(14,34.282265497698404)

(15,28.505253488116015)

(16,23.89348426592012)

(17,20.23558457625184)

(18,17.351382947415495)

(19,15.08811181701979)

(20,13.317118093910818)

(21,11.931005831509498)

(22,10.841115667029145)

(23,9.975248613462654)

(24,9.275560595111306)

(25,8.696581314044728)

(26,8.203339311242585)

(27,7.769598593687792)

(28,2046.5742574257429)

(29,350.0671403793646)

(30,256.0639608329084)

(31,200.442306411887)

(32,155.7452596807972)

(33,120.1367548153703)

(34,92.10662394143097)

(35,70.3043955735064)

(36,53.54449846251996)

(37,40.80563485563854)

(38,31.224780589385762)

(39,24.08675843880131)

(40,18.81049334357134)

(41,14.933126013082983)

(42,12.09313420646737)

(43,10.013498092613627)

(44,8.48576585438767)

(45,7.355652785815149)

(46,6.510569017690815)

(47,5.869244082890868)

(48,5.373422532543778)

(49,4.981458223323151)

(50,4.663541755575946)

(51,4.398253795457058)

(52,4.1701381983122205)

(53,3.9680206520205146)

(54,5809.158415841584)

(55,1405.3343493600419)

(56,1121.805808736117)

(57,937.233602020697)

(58,781.7588969240632)

(59,651.2931904048858)

(60,542.4656173042871)

(61,452.19391172282866)

(62,377.7003103477092)

(63,316.51632689388964)

(64,266.4770773225426)

(65,225.7069335537542)

(66,192.59858777192093)

(67,165.78772616514445)

(68,144.12544115066413)

(69,126.65027658825791)

(70,112.56144073364503)

(71,101.19428839806154)

(72,91.9987231482791)

(73,84.52075492612089)

(74,78.38710969802419)

(75,73.29255100425681)

(76,68.98944567953922)

(77,65.27907774522583)

(78,62.00426294383202)

(79,5115.217821782178)

(80,1173.0895311176064)

(81,888.3316663543144)

(82,703.1317483963255)

(83,553.3980995004607)

% MSE_test
(0,685.734693877551)(1,382.1926113686332)(2,319.544340644711)(3,264.5073035701361)(4,217.1124225313546)(5,176.88735961167305)(6,142.9996515492404)(7,114.65591380897412)(8,91.12464053861481)(9,71.73924953121511)(10,55.899036137955115)(11,43.06812698964238)(12,32.77284804398533)(13,24.597933730662145)(14,18.181999524819712)(15,13.212658481038126)(16,9.421595004291802)(17,6.579826388444028)(18,4.493296294485838)(19,2.998865222640904)(20,1.960699666544474)(21,1.2670190806566175)(22,0.8271391441176533)(23,0.5687486271436242)(24,0.4353702539587467)(25,0.38397686860813096)(26,0.3827563657679131)(27,0.40903718477367595)(28,1812.1632653061226)(29,318.42809488465514)(30,242.80662372091928)(31,189.35582294555022)(32,145.43439767706383)(33,110.40102108825721)(34,82.83283220890596)(35,61.416446103671966)(36,44.995542510926896)(37,32.570434356189)(38,23.29301193583638)(39,16.457363468222308)(40,11.487146884108228)(41,7.920812358311437)(42,5.3957626388714885)(43,3.6324372298362406)(44,2.4191425320187445)(45,1.5982441378154189)(46,1.0541156417326905)(47,0.703025202598298)(48,0.4849572334153325)(49,0.35722593925780477)(50,0.2896460192006774)(51,0.2609823187205268)(52,0.2563970064175691)(53,0.26563892982108167)(54,5107.061224489796)(55,1215.788622403966)(56,975.082490770505)(57,793.8087396605914)(58,639.4587479671983)(59,510.76211236364855)(60,404.40026530989417)(61,317.2249803369175)(62,246.38063053915658)(63,189.311600071944)(64,143.76065579204644)(65,107.75848653817363)(66,79.60638358551846)(67,57.854077433783964)(68,41.27472844819675)(69,28.838880948330345)(70,19.688883153821706)(71,13.114892967742412)(72,8.533183208285658)(73,5.467078535031818)(74,3.5305386627283624)(75,2.4141736917146095)(76,1.8733453551045538)(77,1.7179659644412626)(78,1.8036350780871813)(79,4537.224489795918)(80,1097.4919331238034)(81,857.9228023703932)(82,676.8637382279393)(83,527.8747609724285)

% MSSE
(0,763.26)(1,355.60236674835767)(2,303.0317550312061)(3,304.9391141898066)(4,192.41667137974994)(5,168.6868852808898)(6,137.87993189098984)(7,101.75323046947568)(8,93.351963966034)(9,62.55617924018767)(10,74.48115103961959)(11,36.34169529075295)(12,53.291208655782356)(13,22.774160640955216)(14,57.63202980729997)(15,40.19900644227162)(16,7.199347072505072)(17,5.006719770502966)(18,30.614652374337503)(19,1.9389109567342917)(20,11.741739780805451)(21,11.178296062321003)(22,10.544236457874273)(23,9.859068230742132)(24,0.23265728507448014)(25,8.641814331658747)(26,8.285432969973998)(27,0.28785263421258245)(28,1671.61)(29,300.3849150475442)(30,243.60027116306887)(31,202.3756145932257)(32,135.39886194390823)(33,137.16304505185738)(34,70.2678211971979)(35,66.11687277617966)(36,53.40196515417202)(37,30.924831015678105)(38,22.460740197300634)(39,24.81593009037559)(40,23.875248116567686)(41,10.931628278470477)(42,24.62207480974652)(43,2.8208937611336125)(44,13.488232039564185)(45,13.33867843217003)(46,12.052689519801953)(47,5.844268500869869)(48,0.4228356510310009)(49,0.31160680782085537)(50,5.299360277518855)(51,4.536531866343819)(52,4.337717999449141)(53,0.3525677513517031)(54,5463.34)(55,1470.8758653465347)(56,989.654820463219)(57,758.6092249043425)(58,520.8612063889004)(59,806.6996515808394)(60,363.46953802789045)(61,280.87859162509216)(62,229.86543719755275)(63,169.1117491594848)(64,376.9091805642245)(65,195.86534430589782)(66,65.37811818873178)(67,234.8463151718397)(68,229.35098528928341)(69,23.67669484891951)(70,112.76503601178125)(71,101.55999945441361)(72,5.716223373442078)(73,165.4336474140292)(74,3.3470718254717413)(75,75.0827515992994)(76,329.36300182226717)(77,65.3496065842265)(78,185.54638025482097)(79,4701.39)(80,927.2031335359284)(81,823.2652405908723)(82,636.793201976368)(83,678.5649979043432)
