% MSE
(0,1863.1980198019803)

(1,1259.0008072204146)

(2,854.3103757884307)

(3,583.1732110406448)

(4,401.853100064178)

(5,280.2721589655061)

(6,198.06785208566404)

(7,141.74627778596917)

(8,102.53251265985077)

(9,74.79156737275967)

(10,54.914070255432904)

(11,40.56327581309997)

(12,30.188723382624197)

(13,22.727303301545888)

(14,17.433703136716797)

(15,13.816833517829378)

(16,11.759086603910847)

(17,11.056299276458917)

(18,1234.0693069306933)

(19,768.8792826562334)

(20,535.2053586665847)

(21,384.54939912362767)

(22,282.0903087018827)

(23,211.11366277798598)

(24,161.24230750337156)

(25,125.68415900223901)

(26,99.96857869393936)

(27,81.1506063486281)

(28,67.27623326867219)

(29,57.03109182516419)

(30,49.52871925145368)

(31,44.227908145595386)

(32,41.06296928189238)

(33,39.2084916006155)

(34,14384.534653465347)

(35,3142.835674235008)

(36,1395.9289531132176)

(37,900.7175484869547)

(38,662.0553757653204)

(39,509.5957006698954)

(40,400.5141665044261)

(41,318.85460380183946)

(42,256.5997297536369)

(43,209.02264609696556)

(44,173.27360059365122)

(45,148.1311614953077)

(46,134.92751646848686)

(47,119.82917565736042)

(48,111.29954772769048)

(49,5085.6435643564355)

(50,1356.129215132277)

(51,687.0583337529015)

(52,451.9297064972103)

(53,323.47273488756474)

(54,239.24808514764754)

(55,179.93553219262535)

(56,136.67595897290147)

(57,104.46665256734074)

(58,80.23795802461163)

(59,62.08676011512222)

(60,48.98207699361977)

(61,40.918714852338276)

(62,40.07898091677804)

(63,5024.534653465346)

(64,1882.0790012239154)

(65,1238.2933100424957)

(66,950.0138289025103)

(67,754.5720541632602)

(68,603.933394874656)

(69,483.715782718762)

(70,386.9626234162301)

(71,309.14213351143513)

(72,246.87761129253693)

(73,197.5377583799642)

(74,159.1436129927485)

(75,130.5889759059798)

(76,112.64755034306593)

(77,111.77621034705365)

(78,111.57226624105805)

(79,1820.7227722772277)

(80,1116.8773352641613)

(81,838.1589539331859)

(82,649.5020374718085)

(83,503.9667260008635)

(84,388.7517983731308)

(85,297.2998592333662)

% MSE_test
(0,1912.204081632653)(1,1274.6739901050119)(2,852.0924102290572)(3,569.8848907345212)(4,382.1316691000881)(5,258.0935051432939)(6,175.27796111759784)(7,120.0884993379833)(8,82.49252837458651)(9,56.987585180310646)(10,39.18515465634958)(11,27.06654634787948)(12,18.48923376984694)(13,12.880549506543334)(14,8.883801487023673)(15,6.706961372375589)(16,5.466067918362526)(17,5.642195688495982)(18,1197.7551020408164)(19,716.0296856050529)(20,473.9413574771335)(21,323.54637644244366)(22,219.9298183712999)(23,152.29984858910004)(24,104.70914230502115)(25,73.47388791642138)(26,51.003862759243596)(27,36.42335755544731)(28,25.601007079128244)(29,19.059960536260874)(30,13.943172623840798)(31,11.756623187440818)(32,10.162572453670295)(33,10.499248559016943)(34,14415.632653061224)(35,3031.8471930523037)(36,1253.8231693796345)(37,791.0567014046173)(38,556.9724106923186)(39,426.5460478259715)(40,326.6118830837034)(41,259.73591132789676)(42,206.18515437393287)(43,168.4200601117825)(44,140.403076946698)(45,120.58595308536482)(46,115.91742212107603)(47,99.84612052488337)(48,100.26803345470054)(49,5194.0204081632655)(50,1491.0413347230872)(51,728.944814389071)(52,507.55430715983465)(53,346.6806032053835)(54,266.0137026711674)(55,191.87062131267214)(56,151.3682112322875)(57,110.75627704202586)(58,90.08088484755845)(59,65.44844180898146)(60,57.39467690441939)(61,41.87819489414985)(62,49.62564101902442)(63,5048.0)(64,1721.9281938345378)(65,1153.7551286152968)(66,856.5966580675841)(67,689.9618462786066)(68,546.8601525501106)(69,442.82785084317675)(70,354.4484596286627)(71,286.99946011084626)(72,231.76801004454757)(73,188.8636986212601)(74,156.5955377376025)(75,130.6155864695598)(76,120.18494808973571)(77,115.10010779553431)(78,128.24709374646946)(79,1982.8775510204082)(80,991.9247520751268)(81,832.8849499941974)(82,613.7892365595894)(83,497.7428540014992)(84,378.23579825956097)(85,298.3222590323707)

% MSSE
(0,1458.07)(1,998.9891254190751)(2,739.9607139663411)(3,422.34550903454976)(4,333.5083221505429)(5,197.8855679862177)(6,171.7172357267609)(7,109.71198847873966)(8,116.13385384898149)(9,45.3535169588586)(10,47.87901754382808)(11,43.27891639096194)(12,17.464994336717368)(13,9.426853890094819)(14,15.517805903110506)(15,14.71833466797384)(16,11.538153060501728)(17,6.340731125328275)(18,1093.14)(19,699.708104656406)(20,404.6016318289352)(21,404.53991347861086)(22,240.10313454909)(23,132.70595279515987)(24,92.42257172150435)(25,94.70553261853907)(26,133.24649503375394)(27,86.1350349910868)(28,29.444168548229786)(29,73.64928738477707)(30,114.44235502537339)(31,8.633448207062203)(32,8.835748869753191)(33,12.762157928270458)(34,15134.36)(35,2660.7426527987454)(36,1567.0900877557297)(37,978.3395120087501)(38,679.2121132093558)(39,387.07860939851685)(40,360.0978152903461)(41,308.9638325175506)(42,322.2697343125849)(43,278.11168284267063)(44,206.9494875593235)(45,179.07317783468596)(46,212.67637116757476)(47,190.6554427464227)(48,177.6855014880819)(49,4896.25)(50,1846.5990161748848)(51,593.4552572377102)(52,289.94068994170937)(53,269.4603331764406)(54,210.51938235852305)(55,132.89341613723252)(56,134.3900196650821)(57,74.94622837332753)(58,42.82536663944009)(59,62.369159458630996)(60,55.86444918731127)(61,43.78575863689506)(62,40.23007750296439)(63,4290.65)(64,1819.5553914322145)(65,1060.541409702447)(66,928.6493567736284)(67,892.84295586104)(68,708.2815291052896)(69,498.0224504576616)(70,347.2665921622384)(71,220.8328517352484)(72,283.7838415264422)(73,234.98590884575634)(74,280.9019615685539)(75,160.83629369918933)(76,96.04267867223147)(77,102.33794040514533)(78,193.52039968236824)(79,1759.83)(80,1132.079779825509)(81,838.5141393192606)(82,663.0377034256852)(83,499.4853211840767)(84,515.3597398090109)(85,324.0414508866613)
