% MSE
(0,311.2475247524753)

(1,272.6573094270515)

(2,257.23882971742194)

(3,243.71897718046523)

(4,230.39286820970045)

(5,217.1899876321959)

(6,204.14269301526642)

(7,191.28837163521194)

(8,178.6647623573912)

(9,166.30946721427455)

(10,154.25955355059668)

(11,142.55113182640807)

(12,131.2189129344941)

(13,120.29575210314026)

(14,109.81218781235931)

(15,99.7959854279049)

(16,90.27169639628916)

(17,81.26024476979781)

(18,72.77855346172981)

(19,64.8392228857658)

(20,57.450274429613955)

(21,50.614970481076895)

(22,44.33172140991456)

(23,38.59408798012617)

(24,33.39088512480703)

(25,28.706389897744852)

(26,24.520652804578393)

(27,20.809907740585178)

(28,17.547071597844482)

(29,14.702320469699584)

(30,12.243725526157872)

(31,10.137928329392476)

(32,8.350832871805027)

(33,6.848290193144625)

(34,5.596751260150773)

(35,4.563864987873297)

(36,3.7190008635030494)

(37,3.0336795047418037)

(38,2.4818994302404174)

(39,2.040354013411855)

(40,1.6885386182409434)

(41,1.4087538088467229)

(42,1.186015809398134)

(43,1.0078896394431596)

(44,0.8642632327803517)

(45,0.7470822302204929)

(46,0.6500667542621755)

(47,0.5684953498510578)

(48,0.5016925512188739)

(49,299.009900990099)

(50,266.34395175778735)

(51,252.63603957875748)

(52,240.47774745398337)

(53,228.47577072381628)

(54,216.57445798032325)

(55,204.8023846137914)

(56,193.19225546958393)

(57,181.7770535688228)

(58,170.58961595102505)

(59,159.6622821441672)

(60,149.02652163054475)

(61,138.71254397272688)

(62,128.74889798990742)

(63,119.16206757641257)

(64,109.97607287987329)

(65,101.21208655493474)

(66,92.8880756111128)

(67,85.01847990751878)

(68,77.61393853829394)

(69,70.68107512943965)

(70,64.22235236749326)

(71,58.23600485508136)

(72,52.71605761120301)

(73,47.652435206884086)

(74,43.031163685933286)

(75,38.83466414183178)

(76,35.04213322360958)

(77,31.630002086319156)

(78,28.572461583873817)

(79,25.842038051426595)

(80,23.41020108510319)

(81,21.247982540985156)

% MSE_test
(0,258.85714285714283)(1,221.35406428741496)(2,208.09071420691814)(3,196.9200029783666)(4,185.97056126911852)(5,175.13075495049867)(6,164.41919468804446)(7,153.86553775294615)(8,143.5009371973244)(9,133.3566470183513)(10,123.46355151821133)(11,113.85180377517135)(12,104.55045862543986)(13,95.58709334769979)(14,86.98742227436546)(15,78.77491317628972)(16,70.97041424458892)(17,63.591801325795075)(18,56.65365567224609)(19,50.16698278122031)(20,44.13898284581769)(21,38.57288286647553)(22,33.4678395241488)(23,28.818920462167327)(24,24.617169655022746)(25,20.849760080179994)(26,17.500234009650782)(27,14.54882799589436)(28,11.97287617496313)(29,9.74728201846527)(30,7.845045334729689)(31,6.237828367779272)(32,4.896542494327103)(33,3.79193548415443)(34,2.8951587440995006)(35,2.1782945303909838)(36,1.6148248356607335)(37,1.1800264880470241)(38,0.8512808136356551)(39,0.6082907361174584)(40,0.4332032420392932)(41,0.3106398685864596)(42,0.22764374747003752)(43,0.17355084274547866)(44,0.1398175375218807)(45,0.11973810282888346)(46,0.10848431399407399)(47,0.10136948939436598)(48,0.10521351106631009)(49,182.530612244898)(50,154.35639515133565)(51,144.96360229719636)(52,136.97470562078595)(53,129.09832739973842)(54,121.30910681495429)(55,113.63630613910428)(56,106.10505008766245)(57,98.73885159458455)(58,91.56067967988862)(59,84.59292575986395)(60,77.8571476246002)(61,71.37377904782679)(62,65.16183236250116)(63,59.238601027869066)(64,53.61936894787705)(65,48.317134062301044)(66,43.34235430135925)(67,38.70272435478883)(68,34.40299179525057)(69,30.444820860141874)(70,26.8267115872688)(71,23.543980982376116)(72,20.588811450806347)(73,17.95036985443026)(74,15.614998288263845)(75,13.566475069682904)(76,11.786341590771533)(77,10.254287728128768)(78,8.948585591254247)(79,7.846558700720686)(80,6.925071413784372)(81,6.16102175038222)

% MSSE
(0,157.91)(1,250.15122725223046)(2,89.54836230208723)(3,77.66259094724002)(4,187.49283237769893)(5,86.4281406300859)(6,79.11998076722945)(7,53.0921810896109)(8,123.58747952959423)(9,31.85672468746273)(10,95.74962945582783)(11,55.85247824316684)(12,24.832915415928266)(13,96.37848195377026)(14,71.23463194132931)(15,77.75290603524547)(16,51.287993518721535)(17,26.36772840196816)(18,26.808157549608712)(19,37.57065628032184)(20,19.901358753174875)(21,15.887302891870208)(22,42.88927741754638)(23,12.861835688688311)(24,5.431720018656408)(25,6.995365973772657)(26,16.407344965808225)(27,12.45486918903348)(28,11.372404189928805)(29,6.245442662191306)(30,7.390844964747805)(31,3.340065379230243)(32,7.116215724730357)(33,3.1294590970822402)(34,2.763510155849677)(35,3.7630679798781337)(36,2.0560604981561306)(37,0.3521011986204931)(38,1.2165758703702405)(39,0.8570599904390832)(40,0.7082406827164092)(41,0.3041186911265458)(42,1.0035750622112178)(43,0.0024773625311920507)(44,0.6505992652057532)(45,0.36212284660426625)(46,0.10335206011345281)(47,0.11855504045503526)(48,0.044582782297545566)(49,211.4)(50,160.582843760416)(51,60.969897059083195)(52,21.231735807018257)(53,122.58024705555562)(54,45.28099118155933)(55,133.76870855470116)(56,39.46424569516787)(57,127.86523347924427)(58,62.5677120643921)(59,43.76216060724462)(60,3.9065157022905725)(61,37.13331711468017)(62,2.16628170723497)(63,1.3169333331675792)(64,75.67003794583373)(65,84.21165984119997)(66,42.16987654872456)(67,51.81447069509224)(68,47.73280047020402)(69,0.47749144468459)(70,0.14334415559101454)(71,50.6079950450891)(72,20.2506001344251)(73,17.875978553395573)(74,15.29505504177209)(75,18.981310904169558)(76,11.511443135892923)(77,0.9985825797270449)(78,4.39769425215794)(79,1.3368306904450356)(80,1.8135919719336178)(81,18.54635188081257)
