% MSE
(0,1199.5247524752476)

(1,413.2109376192002)

(2,320.6593292173793)

(3,281.8456363885131)

(4,248.45242087026645)

(5,217.7865634307554)

(6,189.72396167515168)

(7,164.21846996177308)

(8,141.2041966100134)

(9,120.5943827486598)

(10,102.28312257868878)

(11,86.14756793506645)

(12,72.05053509003933)

(13,59.84344109356513)

(14,49.36947945295096)

(15,40.46693060250051)

(16,32.972492795502404)

(17,26.7245148594018)

(18,21.56601448355375)

(19,17.347374729338476)

(20,13.928627118641327)

(21,11.181251248636203)

(22,8.989447103998605)

(23,7.250865289375572)

(24,10112.059405940594)

(25,1116.2102597202168)

(26,431.5436476564436)

(27,363.62836470445694)

(28,331.3506656444904)

(29,302.3181192712828)

(30,275.2827097336917)

(31,250.19214381829335)

(32,227.00675758073362)

(33,1331.1386138613861)

(34,1117.0255265208916)

(35,989.7649707624746)

(36,876.5629496584006)

(37,771.9889227527761)

(38,675.7414213018352)

(39,587.7407628588242)

(40,507.84597934090823)

(41,435.8460119836194)

(42,371.4634456500455)

(43,314.36006014357895)

(44,264.1438298986525)

(45,220.37720084007077)

(46,182.5864144666887)

(47,150.27159335019044)

(48,122.91725669738105)

(49,100.00290343684611)

(50,81.01328692610774)

(51,65.44801234761486)

(52,52.83011635098598)

(53,42.71333804426232)

(54,34.68785875946897)

(55,28.384371018851333)

(56,23.476429099190284)

(57,19.681127644803833)

(58,16.758243477758164)

(59,72.9702970297029)

(60,13.561704628064973)

(61,8.999871246858381)

(62,8.500999144337573)

(63,8.229756936922847)

(64,7.972473544309962)

(65,7.721093820658034)

(66,7.475514368686223)

(67,7.235773211470954)

(68,7.001863902200831)

(69,6.773737577657264)

(70,6.551308419497426)

(71,6.334460040201603)

(72,6.123052549276134)

(73,5.91693001699675)

(74,5.71592801632861)

(75,5.519880902314471)

(76,5.3286284855011)

(77,5.1420217742097085)

(78,4.959927500588708)

(79,4.782231206678173)

(80,4.608838746542149)

(81,4.439676154400341)

(82,4.274687930444714)

(83,4.11383389825022)

% MSE_test
(0,949.1224489795918)(1,161.33823990845227)(2,92.22640808476604)(3,76.8343711970559)(4,65.331380935202)(5,55.0292510085785)(6,45.823371740974785)(7,37.68053408953514)(8,30.556345758063635)(9,24.397150602185622)(10,19.141530160013442)(11,14.721607581917349)(12,11.064488280083268)(13,8.093829514172471)(14,5.731489121371294)(15,3.8991963957874893)(16,2.520184382883855)(17,1.5207221932839616)(18,0.8314887712517777)(19,0.3887360016718673)(20,0.13519895462253126)(21,0.020723985038971375)(22,0.002600555957682296)(23,0.04559899853021972)(24,10041.857142857143)(25,718.181654619696)(26,42.026610901481014)(27,4.363562640728435)(28,1.6892787751725855)(29,0.6979303849439211)(30,0.1563312183356306)(31,0.004207670097623564)(32,0.19239432167068635)(33,520.1224489795918)(34,382.1770349045415)(35,328.5374382835649)(36,284.32886468591715)(37,244.12899215942295)(38,207.66368323382827)(39,174.86901128837647)(40,145.64542836217709)(41,119.85926068611106)(42,97.34701600442816)(43,77.91887852392564)(44,61.3626259923345)(45,47.448102136421646)(46,35.93213600485368)(47,26.56375282994324)(48,19.089499429664677)(49,13.258693995306302)(50,8.828406529231959)(51,5.56798343970689)(52,3.2629483408349667)(53,1.7181405483481487)(54,0.7599917438253516)(55,0.23788748088150896)(56,0.024610467010966388)(57,0.015913109397682236)(58,0.12931363285009287)(59,72.08163265306109)(60,10.17182293052502)(61,5.397385979182146)(62,4.857481811614667)(63,4.557163433876965)(64,4.274141802136402)(65,4.000381939762545)(66,3.7361616064714744)(67,3.481903965208943)(68,3.237968069231386)(69,3.004641383320022)(70,2.7821372908579503)(71,2.570594001420329)(72,2.370074739873666)(73,2.1805692273385837)(74,2.001996430223441)(75,1.8342085126742036)(76,1.676995888073928)(77,1.5300932281234148)(78,1.3931862554512333)(79,1.2659191192831456)(80,1.1479021348394574)(81,1.038719656845819)(82,0.9379378564517125)(83,0.8451121791269879)

% MSSE
(0,1015.67)(1,149.5027291049899)(2,233.71001263382476)(3,102.47455824965728)(4,176.31247702662776)(5,87.64556172266239)(6,30.275116525573868)(7,92.93421655899522)(8,142.60970342054637)(9,119.58443742529964)(10,21.82591485322098)(11,31.913109585360566)(12,36.50539241886485)(13,11.062397576273392)(14,26.825441128749546)(15,14.88361141040496)(16,1.2646847091044884)(17,5.741681501426874)(18,7.379389012856719)(19,5.689599070033021)(20,0.0684209353323355)(21,3.7514992216012812)(22,0.001706294367074394)(23,1.224634046184112)(24,9989.95)(25,753.9827634153513)(26,201.52806227144697)(27,3.7085877271380854)(28,62.3287753619283)(29,0.4648010327379831)(30,254.7244351827727)(31,212.45845090985327)(32,132.00590639818117)(33,696.48)(34,534.4560855602389)(35,805.3638179754664)(36,50.94219859942028)(37,376.27827731311686)(38,137.17902301002735)(39,157.25442397784266)(40,180.36289376451066)(41,240.5174385882393)(42,156.41152670821498)(43,175.68332853076015)(44,137.5321318147203)(45,249.67323243177918)(46,58.25253966173793)(47,132.99490991892762)(48,52.25362275335783)(49,27.335764644589098)(50,21.440102386999246)(51,71.24622438403846)(52,2.67883205854144)(53,21.591192917319002)(54,3.9681125076835757)(55,12.234410839640717)(56,11.867663334230103)(57,10.879227231238968)(58,8.505376721890904)(59,78.58)(60,9.483196784628978)(61,4.811643803102223)(62,1.6148312091039594)(63,1.6579749152122794)(64,2.695044460442075)(65,8.959399803200228)(66,2.5106122854619386)(67,2.2974085048200523)(68,2.655422350729973)(69,6.868732685221654)(70,5.474320099434969)(71,4.63491249660822)(72,2.234405362677748)(73,3.2735676965561833)(74,2.4963635455222843)(75,3.5978244023641737)(76,2.4374136685356746)(77,1.3901745350873431)(78,3.4109215325238558)(79,1.5431454758515502)(80,4.448253113138958)(81,0.9010705445829036)(82,2.317602410499068)(83,0.5253595407202135)
