% MSE
(0,1820.306930693069)

(1,661.8636849231422)

(2,229.5662061935265)

(3,78.8670209495735)

(4,30.023087085156696)

(5,15.331487160091338)

(6,11.180676215148695)

(7,9.99892980275912)

(8,9.57116362183669)

(9,9.3115683005408)

(10,9.081601916067843)

(11,8.852394026604994)

(12,8.618816168950163)

(13,8.380230122875107)

(14,8.136747442866739)

(15,7.888611096342186)

(16,7.636111245887417)

(17,7.379576920162376)

(18,7.1193762231608115)

(19,6.8559170484612535)

(20,6.589647507525606)

(21,6.321055967125433)

(22,6.0506706381888495)

(23,5.779058660434812)

(24,5.506824628234443)

(25,5.23460850570803)

(26,4.963082883470902)

(27,4.692949535942616)

(28,4.424935246971135)

(29,4.159786882905094)

(30,3.898265706331961)

(31,3.641140940566646)

(32,3.389182614613934)

(33,3.143153740596728)

(34,2.903801900258724)

(35,2.6718503436510885)

(36,2.4479887308440085)

(37,2.232863675601196)

(38,2.0270692773326187)

(39,1.831137853007254)

(40,1.645531102577722)

(41,1.470631958212042)

(42,1.3067373775273667)

(43,1.1540523423618636)

(44,1.0126853158026012)

(45,0.8826453898549694)

(46,0.7638413233334193)

(47,0.656082623872769)

(48,0.5590827697120665)

(49,0.4724645972465664)

(50,0.39576780138373346)

(51,0.32845841057210556)

(52,0.269940011047866)

(53,0.21956641023670823)

(54,0.17665535281478867)

(55,0.14050284036585373)

(56,0.11039756235801823)

(57,0.0856349271896787)

(58,0.06553019498356853)

(59,0.049430405541528714)

(60,0.03673077944454223)

(61,0.027155210172339867)

(62,0.026845678053529082)

(63,0.026773552136271268)

(64,0.023132855199701385)

(65,950.7029702970299)

(66,343.4386732809151)

(67,116.86200432970166)

(68,37.91661512851741)

(69,12.371275966379045)

(70,4.732379482009631)

(71,2.6214474225397693)

(72,2.068955587415753)

(73,1.913619420259047)

(74,1.8483024653183089)

(75,1.800342072026541)

(76,1.7545623004255666)

(77,1.7082243096742997)

(78,1.6609329346026431)

(79,1.6126751523074383)

(80,1.5634953667876337)

(81,1.5134507709966525)

% MSE_test
(0,1733.34693877551)(1,631.398866297622)(2,228.72896686994198)(3,93.61634361776146)(4,52.85480348446697)(5,42.16311234125354)(6,39.778956880564344)(7,39.15370418470356)(8,38.64105947698457)(9,37.96633746811892)(10,37.15538256824328)(11,36.26205255784051)(12,35.3205030894525)(13,34.34765461851756)(14,33.351119548216055)(15,32.334410259843246)(16,31.29952251660554)(17,30.248031812001454)(18,29.18150100719767)(19,28.101612422441814)(20,27.010204322311985)(21,25.9092786085168)(22,24.801000362685496)(23,23.68769422496992)(24,22.57183835789915)(25,21.45605590051408)(26,20.34310372409267)(27,19.235858320957078)(28,18.137298694188782)(29,17.05048616272111)(30,15.978541054008032)(31,14.924616325606411)(32,13.891868237502717)(33,12.883424288294757)(34,11.902348729237605)(35,10.951606078787629)(36,10.034023173947572)(37,9.152250409879784)(38,8.308722931473673)(39,7.505622644526068)(40,6.744842003837093)(41,6.027950604151557)(42,5.356165640457352)(43,4.730327309641806)(44,4.1508801893780705)(45,3.6178615467425206)(46,3.130897394658965)(47,2.689206926893881)(48,2.291615723886842)(49,1.9365778354092773)(50,1.6222065244980957)(51,1.3463131019529953)(52,1.1064529414722823)(53,0.8999773571787855)(54,0.724089927187064)(55,0.5759047908743335)(56,0.45250742153752155)(57,0.35100514159590884)(58,0.2686127971305641)(59,0.20254811544276768)(60,0.15085302220195929)(61,0.10857279559078796)(62,0.10097650186254488)(63,0.08170054536196024)(64,0.08659698007048551)(65,911.591836734694)(66,326.9762799565465)(67,111.64893968086243)(68,38.36609312925286)(69,15.682114597573246)(70,9.46192044802193)(71,8.012246627006169)(72,7.72192841337832)(73,7.621370976384847)(74,7.505911435975951)(75,7.356362440637187)(76,7.184276696201038)(77,6.9995390449952914)(78,6.8073458913938865)(79,6.610018101728327)(80,6.40855609880482)(81,6.203454865145722)

% MSSE
(0,1805.71)(1,664.4167359278488)(2,239.47658809860815)(3,78.89285525233448)(4,86.67005093715619)(5,41.85382671783837)(6,17.185842047387528)(7,70.61018256826084)(8,42.043705530352945)(9,41.770830392879816)(10,58.450123929624915)(11,24.43929451373447)(12,17.40107178412793)(13,20.89019948648838)(14,8.216403254200925)(15,27.79100707002247)(16,82.21327461475681)(17,35.6002555204865)(18,0.1495724521481102)(19,34.04807172202229)(20,39.663314995448374)(21,19.203579498625345)(22,34.14115361828834)(23,30.258615270335632)(24,37.641443233884736)(25,15.637614682960717)(26,27.651258382814504)(27,18.659787018473907)(28,17.7237852036222)(29,28.941460755235315)(30,5.863694337695182)(31,16.277802125241628)(32,13.545646270464685)(33,11.354243848748315)(34,37.906013416058975)(35,4.018383219886866)(36,6.15316281569695)(37,20.1575138847842)(38,31.331066370100704)(39,6.41326585371799)(40,27.299690605370575)(41,15.709875975653011)(42,12.37279706663057)(43,37.53938703063229)(44,8.283048508205988)(45,2.6367718795371964)(46,24.638997278898323)(47,8.334538142864721)(48,1.393771526540223)(49,11.924308471255527)(50,10.689844668890562)(51,16.434666110877483)(52,0.6785100030095506)(53,7.415875870690854)(54,15.501104880306276)(55,0.35026800493839694)(56,16.254999928763283)(57,14.891855230218816)(58,7.849124251744197)(59,0.17409507490795625)(60,7.640682215185974)(61,7.439260993490299)(62,7.351096358805714)(63,7.353791018551228)(64,14.623986163751114)(65,1001.0)(66,468.6550587589447)(67,164.01866683774267)(68,37.70009906756001)(69,115.98043461896322)(70,56.62493890359005)(71,54.927332339499735)(72,155.8834391651367)(73,5.671643130837062)(74,9.052361716987802)(75,89.5698566840892)(76,55.81242828287976)(77,55.51528603916648)(78,4.208899631712747)(79,102.34202820663477)(80,53.69980541020312)(81,5.269438566085662)
