% MSE
(0,1599.4950495049504)

(1,1193.215128122752)

(2,1101.3709743243694)

(3,1045.7039018126866)

(4,1000.9979301606079)

(5,964.3331553472881)

(6,934.3938974780895)

(7,910.0727883973899)

(8,890.4022541128895)

(9,874.5470029227788)

(10,861.7954105282707)

(11,851.5486870456937)

(12,843.3086880140819)

(13,836.6651992855459)

(14,831.2834047006309)

(15,826.8920886625925)

(16,823.2729533410162)

(17,820.2512616375851)

(18,817.6878685577933)

(19,815.4725866641356)

(20,813.5187514169268)

(21,811.7588092799017)

(22,810.1407405820036)

(23,808.625142264943)

(24,807.1828235208483)

(25,805.7928010984559)

(26,804.440613629561)

(27,803.1169010361566)

(28,801.8162138009426)

(29,800.5360276608324)

(30,799.2759436467351)

(31,798.0370535998782)

(32,796.8214496431757)

(33,795.6318544260394)

(34,794.4713484502189)

(35,793.3431718643766)

(36,792.2505806551349)

(37,791.1967406822259)

(38,790.1846469073157)

(39,789.217058914549)

(40,788.2964470454149)

(41,787.4249459927796)

(42,786.6043145033725)

(43,785.8359010149289)

(44,785.1206157418218)

(45,784.4589101029167)

(46,783.850765946306)

(47,783.2957471977617)

(48,782.7950831602338)

(49,782.4393897318525)

(50,782.3406710105448)

(51,782.2671787185203)

(52,5838.1287128712875)

(53,2999.569884101832)

(54,2290.1160826527152)

(55,1869.74533272837)

(56,1559.7465411164037)

(57,1329.7482171597476)

(58,1161.9621022186293)

(59,1041.8851325975793)

(60,957.6577414437834)

(61,899.7906992251334)

(62,860.8690871190423)

(63,835.2408599116123)

(64,818.7083163570695)

(65,808.237731050636)

(66,801.6983636556045)

(67,797.6377693084097)

(68,795.0962569307173)

(69,793.4598621113621)

(70,792.3485708191411)

(71,791.5348529865694)

(72,790.8868027132821)

(73,790.3301849755823)

(74,789.8242416156271)

(75,789.3469787593256)

(76,788.8866344855644)

(77,788.4369518145952)

(78,787.994662122917)

(79,787.5581796299781)

(80,787.1269235570813)

(81,786.7009512186935)

% MSE_test
(0,1401.3265306122448)(1,849.855129929239)(2,722.659557820793)(3,657.1963676963944)(4,608.5899634638955)(5,569.0958627438761)(6,536.3489289788398)(7,509.0872677509614)(8,486.36483594295225)(9,467.3934508065895)(10,451.50948712804717)(11,438.15944581394206)(12,426.8865748216558)(13,417.31722878596287)(14,409.14760498765077)(15,402.13144502833063)(16,396.0691029440928)(17,390.7981953923835)(18,386.18588430805875)(19,382.12271024480646)(20,378.51780247332846)(21,375.29524066970146)(22,372.39132829722433)(23,369.7525514880299)(24,367.33402952524153)(25,365.0983041567184)(26,363.0143567289221)(27,361.05677873396996)(28,359.20504971724273)(29,357.442895903864)(30,355.75771444436765)(31,354.1400539128336)(32,352.58314391879037)(33,351.08246740700264)(34,349.6353697709773)(35,348.24069994888976)(36,346.8984802529415)(37,345.6096035099394)(38,344.3755576730314)(39,343.19817918434364)(40,342.07943640906257)(41,341.02124495419656)(42,340.0253125785615)(43,339.0930229912201)(44,338.22531439348586)(45,337.42273982993163)(46,336.684810938219)(47,336.01318613878266)(48,335.39692812727606)(49,335.00727288062876)(50,334.7965401159909)(51,334.8006707105228)(52,5385.408163265305)(53,2397.145595969982)(54,1715.7636184549774)(55,1328.0348902020573)(56,1044.0095333677348)(57,833.9882752114755)(58,681.2892444616813)(59,572.418615139331)(60,496.3823129503549)(61,444.4016937613396)(62,409.62976906449046)(63,386.85966012046504)(64,372.23672801015584)(65,362.9876204976545)(66,357.17664491928326)(67,353.4959589894958)(68,351.0922785431026)(69,349.4295591272489)(70,348.18465114494074)(71,347.1713534252476)(72,346.2875638050206)(73,345.4802106772503)(74,344.72314812315335)(75,344.0039941780892)(76,343.31679372090224)(77,342.65824818801696)(78,342.0259842992961)(79,341.41789645325815)(80,340.8319953211278)(81,340.2664548088981)

% MSSE
(0,1090.32)(1,460.3844863052636)(2,315.0493730618163)(3,328.5294095540419)(4,188.0644784736564)(5,132.29440695094823)(6,142.62896379567576)(7,147.82915691902988)(8,77.87423254562988)(9,82.58524845408873)(10,71.82811965966836)(11,22.488897950838577)(12,38.18675259649487)(13,62.81850442721632)(14,29.901322180001983)(15,20.295860247995083)(16,25.64927750486283)(17,42.79716954514958)(18,21.89893769001154)(19,43.4636780121464)(20,17.924141691296903)(21,11.634051137658382)(22,17.606817235002165)(23,11.73181194164067)(24,15.507297446247733)(25,9.962120739640438)(26,10.070696163752226)(27,17.096248838978507)(28,15.811833000146336)(29,9.399080093072433)(30,20.90275061151259)(31,16.86286071892548)(32,9.4757484769038)(33,6.704393109522266)(34,5.597525483993977)(35,5.465748889248114)(36,5.293205047343119)(37,6.846724940038246)(38,14.879412612047709)(39,4.444095789488699)(40,8.03506338426744)(41,4.134329884472898)(42,6.947706944517763)(43,7.134070873745272)(44,3.4667223323244225)(45,5.071018526461698)(46,1.4065127784058484)(47,2.492851983646745)(48,2.00648688256586)(49,2.3941372837547483)(50,3.5922315573620707)(51,1.9377042393762693)(52,5895.58)(53,2142.0228964611324)(54,1329.3961033544876)(55,1052.751301838562)(56,694.5621179171553)(57,424.8736313988366)(58,354.14991882432406)(59,228.77131110898065)(60,192.92898740271596)(61,134.14806037245978)(62,68.00525798718236)(63,57.06832810387429)(64,47.00522982721208)(65,32.98403291246521)(66,41.24881324925534)(67,25.953270767187036)(68,20.77286631453195)(69,25.841537978316065)(70,20.658245081700652)(71,22.249989197481387)(72,33.826215794677545)(73,15.648956932017452)(74,21.04819092693021)(75,33.98778405315336)(76,19.988438749828404)(77,18.971545345639946)(78,26.662353777444782)(79,23.78488356805029)(80,19.28955650400912)(81,16.664987386414456)
