% MSE
(0,2322.4059405940593)

(1,1505.2971337502345)

(2,1071.9577176862251)

(3,755.9276950413326)

(4,525.780124607373)

(5,361.02347531570837)

(6,245.1401041332841)

(7,165.04300955732717)

(8,110.60173845022062)

(9,74.16173226138417)

(10,50.08205129829795)

(11,34.31134581498177)

(12,24.01547118184782)

(13,17.263717656771835)

(14,12.77488411285396)

(15,9.719837935190226)

(16,7.574021588632685)

(17,6.0116189628290195)

(18,4.832620215029382)

(19,3.9145310326307525)

(20,3.1816119879274436)

(21,2.5859678655705696)

(22,2.0962597300014356)

(23,1.6910976407844815)

(24,1.3551949208047445)

(25,1.0771074827378024)

(26,0.8478762766614047)

(27,0.6601940243019164)

(28,0.5078889707064108)

(29,0.38560896712209786)

(30,0.28863509166230955)

(31,0.21277782439322437)

(32,0.15432273310614358)

(33,0.11000231504613611)

(34,0.07697819064351898)

(35,0.05282385834221764)

(36,0.035502832685847294)

(37,0.02334030299626777)

(38,0.014988639500420129)

(39,0.009388398898981116)

(40,0.005728147748740136)

(41,0.003433234850951128)

(42,0.002952838250777498)

(43,0.002896981935773411)

(44,0.002187009877713677)

(45,0.0018006519998667292)

(46,0.0015788363367238544)

(47,3669.7227722772277)

(48,2760.5703415215567)

(49,2062.0020611222476)

(50,1527.6931651276227)

(51,1123.5081710776153)

(52,820.9926632056967)

(53,596.759448355841)

(54,431.9562151536913)

(55,311.6792212883071)

(56,224.36936534359003)

(57,161.22466847264192)

(58,115.65597567328263)

(59,82.80440538614748)

(60,59.13072205813484)

(61,42.0792476390998)

(62,29.812817038727143)

(63,21.010986961879254)

(64,14.721295296637724)

(65,10.252645633133323)

(66,7.100481066633351)

(67,4.894849729952213)

(68,3.3642969009386796)

(69,2.3103720140734967)

(70,1.5891616759259508)

(71,1.0975267732007934)

(72,0.7626134292939978)

(73,0.5337742952190222)

(74,0.3763613537347209)

(75,0.2670195662612565)

(76,0.19019224231438134)

(77,0.13559162163799776)

(78,0.09641864865313662)

(79,0.0681457869212567)

(80,0.04770840167930995)

(81,0.03298212665681763)

% MSE_test
(0,1672.4285714285713)(1,1152.3425131189617)(2,851.9399152309245)(3,617.3595109137048)(4,442.46689911258466)(5,314.9283151782955)(6,223.2239120768287)(7,158.0687094538674)(8,112.23508928881394)(9,80.22487074459717)(10,57.948992968056494)(11,42.4339739207756)(12,31.564259511603712)(13,23.86518134387074)(14,18.32725074135914)(15,14.26935333544925)(16,11.236235765674673)(17,8.924508839014672)(18,7.131109948682742)(19,5.718561653213524)(20,4.5921844262723255)(21,3.685431272632805)(22,2.9505181643618705)(23,2.3524001234971306)(24,1.8648274009098276)(25,1.4677025291464028)(26,1.1452748143493419)(27,0.8848972619609293)(28,0.6761756035795421)(29,0.5103951823434889)(30,0.38014285812807647)(31,0.2790613715319656)(32,0.2016892086397392)(33,0.1433518621477491)(34,0.10008140350114872)(35,0.06854910366821207)(36,0.04600383060669606)(37,0.030208528403122836)(38,0.01938400161721983)(39,0.01212725710605907)(40,0.0074171278488526565)(41,0.004353575152958795)(42,0.003844290492589334)(43,0.003151941555202648)(44,0.0028425436475271798)(45,0.0020175579482842733)(46,0.0020544979081688216)(47,3355.1428571428573)(48,2537.1973684852815)(49,1919.6496257979413)(50,1443.3245140617666)(51,1077.6281942137894)(52,799.2942748147478)(53,589.2901903379257)(54,432.09582653707884)(55,315.2541335544091)(56,228.93160288276994)(57,165.48674513991037)(58,119.06572837785875)(59,85.23951519582995)(60,60.69078948894106)(61,42.953465340456454)(62,30.203079309352578)(63,21.093158363814084)(64,14.630786150206212)(65,10.083928815277432)(66,6.913364236091393)(67,4.722959165578365)(68,3.2232372751117353)(69,2.2044148868649187)(70,1.5161733769707648)(71,1.0522996432977745)(72,0.738943733823459)(73,0.525648553672273)(74,0.3785548787784397)(75,0.2753311089797504)(76,0.2014657866924568)(77,0.14762149672954517)(78,0.10779758514992188)(79,0.07809301464768456)(80,0.055901243944095146)(81,0.03940570370914126)

% MSSE
(0,1641.9)(1,1363.5041695127934)(2,1030.202726695056)(3,663.7506803280771)(4,507.72024143800644)(5,400.6238723706003)(6,248.4322181022979)(7,161.4461175447955)(8,122.76990407602098)(9,76.81017836761438)(10,52.3779094264917)(11,32.94894085389195)(12,30.984883429622442)(13,19.79026173483698)(14,18.776108881850206)(15,12.847925645333417)(16,9.699168154467706)(17,7.6410841432944325)(18,7.843495539453895)(19,6.5740446984160155)(20,3.7762371102377497)(21,3.301743256073251)(22,2.2869686158098816)(23,2.0014395501727393)(24,1.8080074984515617)(25,1.2906160710389207)(26,1.222810812572544)(27,0.8217647432302043)(28,0.6351328089304709)(29,0.515886427322186)(30,0.2617063399710343)(31,0.20064735551131072)(32,0.17423747523455202)(33,0.1015907760735857)(34,0.0743595995449909)(35,0.05160618903574683)(36,0.047636642058453846)(37,0.02956427509767199)(38,0.014509451468275565)(39,0.013601442649337062)(40,0.007208983099388156)(41,0.0036540533423950507)(42,0.0032396843838388683)(43,0.003088208245790001)(44,0.0020449056369364906)(45,0.0016074092974456865)(46,0.00155157766541133)(47,3388.69)(48,2577.8729262229203)(49,1953.0578547462349)(50,1387.017264204113)(51,1190.5667966514386)(52,851.9522449446267)(53,601.8576109744363)(54,561.1885308315008)(55,379.0887883415741)(56,223.98287523623603)(57,168.01238025858228)(58,130.91647315968584)(59,84.48806108735316)(60,60.745001274719534)(61,46.44928000459425)(62,33.8912015116927)(63,24.279615969224498)(64,16.428619559133956)(65,12.843770712594198)(66,7.774939134181437)(67,4.495777720784923)(68,3.69224005099352)(69,2.702518214098502)(70,1.6224849981299447)(71,0.992580676006203)(72,0.7804378754264141)(73,0.49287716039384594)(74,0.39178054315190897)(75,0.2750036875301921)(76,0.1969702182873328)(77,0.1688834553563625)(78,0.08275246288160255)(79,0.06840181956942797)(80,0.043664894422751954)(81,0.028492794180159774)
