% MSE
(0,2611.940594059406)

(1,1093.0713954077496)

(2,693.3250429859614)

(3,445.71254430837223)

(4,291.7816638975438)

(5,195.66607461084322)

(6,135.1205288509007)

(7,96.38266745386716)

(8,70.97820714151885)

(9,53.73266749307593)

(10,41.52527569718679)

(11,32.5013808297377)

(12,25.57307001214091)

(13,20.104817014954694)

(14,15.71952339508927)

(15,12.182678040277171)

(16,9.33615067442087)

(17,7.062367338771069)

(18,5.266163028285788)

(19,3.8662893902057385)

(20,2.791796482010225)

(21,1.9806257467900397)

(22,1.379042544365659)

(23,0.941266684005347)

(24,0.629041554817838)

(25,0.41106743635739645)

(26,0.26230731048052097)

(27,0.16321021624178325)

(28,0.09894686536015644)

(29,0.0591732790970748)

(30,0.043762827589802204)

(31,0.042365830683124)

(32,3315.09900990099)

(33,1410.4349783995165)

(34,909.5998785256054)

(35,580.4623258917677)

(36,366.81231155847064)

(37,230.1807837234818)

(38,144.07115464683034)

(39,90.5072266141311)

(40,57.51427494781933)

(41,37.28080090535748)

(42,24.82685768604607)

(43,17.05312700288251)

(44,12.076183900476241)

(45,8.776269237275535)

(46,6.499187471145728)

(47,4.866431279325939)

(48,3.6584583131809447)

(49,2.745413127154018)

(50,2.047353438209463)

(51,1.5120901353827452)

(52,1.103152177547734)

(53,0.7933786859815514)

(54,0.5615468222065538)

(55,0.3905918950253856)

(56,0.2666364984816468)

(57,0.17841378780021766)

(58,0.11687261408471379)

(59,0.07486775766453835)

(60,0.046950821442714834)

(61,0.02986542399616732)

(62,0.02661200433402279)

(63,0.02061639288692277)

(64,3176.6831683168316)

(65,566.8834376361859)

(66,435.279548464841)

(67,344.06727914789076)

(68,276.84622724814494)

(69,225.30920174880333)

(70,184.54230196582867)

(71,151.5498725513094)

(72,124.4286521043083)

(73,101.91054314261339)

(74,83.1098522295169)

(75,67.38057159761429)

(76,54.23241905061701)

(77,43.27905179424856)

(78,34.20495698654087)

(79,26.74399834441797)

(80,20.6656645300993)

(81,15.766529672118343)

(82,11.865204186923204)

% MSE_test
(0,2636.9591836734694)(1,1335.6151675405968)(2,865.6913703368436)(3,568.2689210292967)(4,377.15711474371466)(5,254.89676850300617)(6,176.46115716327938)(7,125.6807745383595)(8,92.18142711900029)(9,69.43000032158935)(10,53.387119809440385)(11,41.60609486080115)(12,32.628877705431194)(13,25.593132839934587)(14,19.98273877086347)(15,15.47636198505777)(16,11.859047809543146)(17,8.973682384713415)(18,6.695457527452952)(19,4.919635684446588)(20,3.5556937710821193)(21,2.5251036057773484)(22,1.7599069036597421)(23,1.2025125961281213)(24,0.8043460857946185)(25,0.5263261911559142)(26,0.3358331347746486)(27,0.20987073852182367)(28,0.12575949495604233)(29,0.07854809244093255)(30,0.04572639760635529)(31,0.05641022221595761)(32,3427.5510204081634)(33,1649.356636744297)(34,1046.5745834592747)(35,657.5391330122976)(36,407.725865501)(37,250.75587389148112)(38,153.97375350731377)(39,95.33223408943172)(40,60.250673712896656)(41,39.365799906163524)(42,26.836111135849215)(43,19.131020511777514)(44,14.182760537418789)(45,10.817876846630519)(46,8.3884912396429)(47,6.5441641283925716)(48,5.095815900033592)(49,3.9387860054466146)(50,3.010689327700407)(51,2.2700083298226152)(52,1.6851916723210563)(53,1.2301993631916948)(54,0.8819936060812438)(55,0.6206365930225003)(56,0.42790663863007844)(57,0.2893998436448279)(58,0.19066059172434568)(59,0.1245562040667142)(60,0.0756877921725901)(61,0.05480506203330992)(62,0.028300386136459618)(63,0.03933555331559378)(64,2369.6122448979595)(65,585.3104865669432)(66,450.88474837150295)(67,370.7332177409755)(68,308.2304380758624)(69,258.7567232681378)(70,218.05604625946287)(71,183.8120920008312)(72,154.54211503016543)(73,129.31646161455927)(74,107.50716458020852)(75,88.67150320848073)(76,72.47130553871419)(77,58.63071286060042)(78,46.90778021805415)(79,37.08039239407591)(80,28.937444221610498)(81,22.27649621218971)(82,16.902807719423304)

% MSSE
(0,1870.55)(1,1106.3236047054206)(2,804.2133209289482)(3,459.96055719302404)(4,304.5087427588853)(5,185.95433709632718)(6,102.33645427723603)(7,107.52912136164598)(8,69.19687459867579)(9,49.356486420087975)(10,44.11130324445964)(11,38.9039608219172)(12,30.935449487950468)(13,22.68455984068708)(14,16.87074037906631)(15,15.934102029959476)(16,11.012022431767173)(17,6.702071907071652)(18,6.283513333768941)(19,5.917011456699913)(20,2.6876560526124944)(21,2.2870516325824877)(22,1.6481470156351796)(23,1.401711957138622)(24,0.7972213513667427)(25,0.4801138459303724)(26,0.3185417192211361)(27,0.19980015189412698)(28,0.1166432246049624)(29,0.07507559790749567)(30,0.038994722676741506)(31,0.05797934910638882)(32,2413.69)(33,1568.5000345064202)(34,949.1125201080642)(35,582.2879743982971)(36,413.14439201325507)(37,217.83071579658207)(38,162.17296246592147)(39,89.79301111086001)(40,51.84486262274669)(41,43.70963523716889)(42,33.8278990077125)(43,19.37773193432822)(44,12.138342456139284)(45,10.374247870285949)(46,6.972720979271376)(47,7.418627479161782)(48,5.9389276532669335)(49,2.6644653738057698)(50,2.4845895479938265)(51,2.0496714715387307)(52,1.5075244850702259)(53,1.0224212075417025)(54,0.7261939190221921)(55,0.51431004795678)(56,0.30299384795030526)(57,0.2025411532252038)(58,0.15903656150397968)(59,0.09848976276364124)(60,0.06294107310214019)(61,0.04090673785358336)(62,0.03340160018417463)(63,0.032312438749561315)(64,2681.64)(65,699.7819830212721)(66,494.01649112152444)(67,405.6284548524116)(68,321.58771489445604)(69,195.56929602912984)(70,222.6037090753694)(71,206.06418715610354)(72,97.994574232155)(73,163.01211290023898)(74,91.41627345972594)(75,86.59569402354794)(76,68.43009888060327)(77,58.310296901646815)(78,37.1935940406602)(79,26.871027273531624)(80,25.73673275254928)(81,17.278349760265243)(82,17.15411226201737)
