% MSE
(0,7760.473575234941)

(1,552.5755812529833)

(2,540.8176332127224)

(3,531.7108845331587)

(4,523.0428526829706)

(5,514.8022771870358)

(6,506.98891535691064)

(7,499.6033671721236)

(8,492.64647701552843)

(9,486.11881828323243)

(10,480.02016534320046)

(11,474.3489812582004)

(12,469.1019513326068)

(13,464.273589083201)

(14,459.8559360398502)

(15,455.83837047396025)

(16,452.2075332909695)

(17,448.9473724503912)

(18,446.03930086415716)

(19,443.46245712984353)

(20,441.19405390900664)

(21,439.2097953697143)

(22,437.4843428887716)

(23,435.9918071065593)

(24,434.7062443758486)

(25,433.60213658774995)

(26,432.6548353547811)

(27,431.8409556204949)

(28,431.1387202159102)

(29,430.5283931526083)

(30,429.99444179306926)

(31,429.5500645422701)

(32,429.43751575552756)

(33,1820.7038303728675)

(34,959.6218075510078)

(35,897.9312755835983)

(36,845.4036273961196)

(37,800.3492297719171)

(38,761.493504592509)

(39,727.7390275233541)

(40,698.1603192942443)

(41,671.9942500571558)

(42,648.6261185931202)

(43,627.5726416610675)

(44,608.4631433554903)

(45,591.0201757964265)

(46,575.0406566704498)

(47,560.3783981765724)

(48,546.928653234088)

(49,534.6150475211218)

(50,523.3790268397256)

(51,513.1717494329639)

(52,503.9482050821827)

(53,495.66325109832076)

(54,488.2692156755885)

(55,481.71472156538084)

(56,475.9444146022076)

(57,470.8993289384832)

(58,466.5176725820178)

(59,462.7358649920731)

(60,459.48969887420714)

(61,456.7155309154463)

(62,454.35144387167486)

(63,452.3385039570055)

(64,450.62433333824663)

(65,449.2007955819539)

(66,448.67785178528106)

(67,448.35147172765335)

(68,33591.42632913202)

(69,929.6339547715892)

(70,868.0116880773735)

(71,822.4841101683365)

(72,782.2102628059241)

(73,746.4121578948759)

(74,714.4561346650169)

(75,685.8054793461174)

(76,660.0135987284444)

(77,636.7152992942301)

(78,615.6163668589984)

(79,596.4822229924916)

(80,579.1264106117592)

(81,563.3995697890764)

(82,549.1794326750583)

% MSE_test
(0,7711.813280351592)(1,550.1001352115184)(2,541.3573482505063)(3,529.6863571760592)(4,518.9948406655168)(5,508.7914847741061)(6,499.1298159739829)(7,489.9862403977247)(8,481.3550800318037)(9,473.22646262640046)(10,465.5926178249531)(11,458.44492588045034)(12,451.77475969852674)(13,445.5724589294095)(14,439.8274866325299)(15,434.52786329895173)(16,429.6603097135545)(17,425.2098952464543)(18,421.1603597401106)(19,417.4938343178889)(20,414.1914954295351)(21,411.2330637665674)(22,408.598219300394)(23,406.26488985371793)(24,404.2133534546079)(25,402.418765257667)(26,400.86868300427005)(27,399.5221601416115)(28,398.41581162666773)(29,397.37196910946716)(30,396.8658990519361)(31,395.3057283943987)(32,397.8566169907237)(33,1384.0219965683712)(34,812.5936709252073)(35,759.5246891111134)(36,718.9989882560151)(37,684.9636677614368)(38,656.3367994289229)(39,631.9314237883258)(40,610.797513654195)(41,592.1655853907198)(42,575.4369328715507)(43,560.1610230965573)(44,546.013223266897)(45,532.7715281251021)(46,520.2942844409414)(47,508.4997441627983)(48,497.3481518990863)(49,486.8268401213544)(50,476.9383350799161)(51,467.6914940912525)(52,459.09517907705674)(53,451.1543245944119)(54,443.8675471399729)(55,437.2264889946983)(56,431.21539376166663)(57,425.8126434472556)(58,420.9898409743463)(59,416.71730212052574)(60,412.9546004571731)(61,409.6796567085862)(62,406.811091743203)(63,404.4464824390772)(64,402.10202578254956)(65,401.37415750134653)(66,396.8570750676747)(67,402.7880560295912)(68,33792.929430050164)(69,1082.1713923225732)(70,1028.719371217978)(71,964.7368572057162)(72,909.561273388239)(73,860.1059945329763)(74,815.8497702255918)(75,776.0561523456904)(76,740.1558558977675)(77,707.6577586511648)(78,678.1610968565601)(79,651.3358584587422)(80,626.9141675393626)(81,604.6766056566083)(82,584.4423144385162)

% MSSE
(0,7708.37)(1,189.7277616282779)(2,190.00214666182816)(3,227.9816182849316)(4,265.5340095963755)(5,175.79532395177682)(6,220.4647634438291)(7,220.146820563263)(8,145.87111050534332)(9,152.3677097365341)(10,119.74457779971877)(11,157.90966150647188)(12,128.41164369387474)(13,114.9294989855695)(14,123.38593743897148)(15,74.24869870366336)(16,130.91665954556382)(17,80.82576415510616)(18,86.93364276749959)(19,90.30881783663528)(20,51.59794910398027)(21,54.88157050744096)(22,51.37565412531775)(23,39.36302980539105)(24,60.754080627901494)(25,45.37545203152253)(26,41.30702768298855)(27,39.61582864616493)(28,48.12418510143462)(29,47.7957199759226)(30,47.94029969460763)(31,48.178167577427864)(32,38.271699002401085)(33,1992.7)(34,937.2871620350393)(35,787.1545982507291)(36,820.4728588374325)(37,625.3612592029776)(38,436.3857735255798)(39,422.74763334169836)(40,299.9475055301809)(41,341.8166737889626)(42,316.1515295903609)(43,187.93232306220386)(44,272.81427576161883)(45,213.6925553387026)(46,422.5708628323333)(47,291.04654492846834)(48,137.48122867196807)(49,172.65018198460993)(50,241.34441647998466)(51,218.95785908491715)(52,168.7121141153511)(53,219.04225647043097)(54,63.38812447761418)(55,172.6387939689004)(56,86.89200927754838)(57,116.69101251154709)(58,139.79809255216253)(59,148.0068461962154)(60,107.82209391127275)(61,91.78583166429696)(62,63.860387045166135)(63,85.5421965394986)(64,176.139775589799)(65,124.41249219270085)(66,62.59287168554684)(67,57.92886247665871)(68,33309.86)(69,1290.2708174181023)(70,1353.832493785483)(71,966.8306483320027)(72,822.7074829065131)(73,763.0887461208034)(74,844.2078671089881)(75,600.7701584065442)(76,543.3052288739445)(77,553.3783924213109)(78,500.96557881514343)(79,519.484807659779)(80,405.4099222321937)(81,372.08891834345127)(82,323.72795212315157)
