% MSE
(0,1894.5712800414967)

(1,782.2031926205714)

(2,484.4990087384503)

(3,408.13587251369927)

(4,386.3208606366636)

(5,376.83595659025144)

(6,1955.9108671599924)

(7,857.7778244140804)

(8,557.354109978917)

(9,474.0936352766355)

(10,444.800945415377)

(11,428.1708340531709)

(12,414.8901128579966)

(13,403.1029198478775)

(14,392.4719875146573)

(15,382.92069715049024)

(16,374.40393690102746)

(17,366.8734351530384)

(18,360.2742267274199)

(19,354.545348070645)

(20,349.62109600536314)

(21,345.43241842982263)

(22,341.9083584930402)

(23,338.9775002868648)

(24,4465.384874949289)

(25,1695.417580619391)

(26,935.8242750596906)

(27,723.6351599958283)

(28,647.6009427455518)

(29,603.6338609278381)

(30,568.2644882604427)

(31,536.8144080504176)

(32,508.43065573872207)

(33,482.91575336114477)

(34,460.1503557634125)

(35,440.00600359026464)

(36,422.3363583741182)

(37,406.97911881126277)

(38,393.75937671627673)

(39,382.4933193267162)

(40,372.99207369264303)

(41,365.06555514768786)

(42,358.52618281740223)

(43,353.19232905077007)

(44,348.89138123568455)

(45,345.4623135966988)

(46,445.9400226429926)

(47,396.243704650139)

(48,380.94002568312135)

(49,375.0951794025205)

(50,1611.1712572754163)

(51,708.2258280290787)

(52,466.18383031614906)

(53,403.7271228611811)

(54,385.54941231038026)

(55,377.4025228941129)

(56,1847.3504094841867)

(57,1033.1708295604167)

(58,785.355565712836)

(59,693.3834950896734)

(60,641.8764494421424)

(61,601.6405552638731)

(62,566.0871951871361)

(63,533.8812734989885)

(64,504.7414838191331)

(65,478.55139856491996)

(66,455.19859908814544)

(67,434.5517721795524)

(68,416.4602209132309)

(69,400.7567132268443)

(70,387.2610093828608)

(71,375.78368133238655)

(72,366.13007463054237)

(73,358.10427433982585)

(74,351.51293380640936)

(75,346.1688290996106)

(76,341.8940138344034)

(77,338.522468826079)

(78,3182.1349050038025)

(79,1488.7945371363585)

(80,998.7733902757266)

(81,838.1003203356186)

(82,761.1195524263392)

(83,705.6640776883589)

(84,657.7102580809926)

(85,614.439885859581)

(86,575.2995444924734)

% MSE_test
(0,1752.988026455473)(1,700.0757810978956)(2,451.1179088866524)(3,404.95826796233916)(4,400.2664520589824)(5,400.6136069844826)(6,1741.4257776684824)(7,724.5520502793842)(8,484.59890518415733)(9,438.2066948088472)(10,430.22149118804964)(11,426.42090588231446)(12,421.80976741478986)(13,416.7624389006567)(14,411.96838580478624)(15,407.7767240186961)(16,404.29932405161935)(17,401.5370202389994)(18,399.4458276692928)(19,397.96465847662324)(20,397.0258112421635)(21,396.55908144781347)(22,396.4938700469211)(23,396.76074506275717)(24,3986.554673357815)(25,1360.7262257378375)(26,719.2621741465613)(27,580.5506964797692)(28,546.7169463872323)(29,527.6218985085302)(30,508.5956881868392)(31,489.5406512599592)(32,471.71187894436633)(33,455.785306292557)(34,441.9665111863325)(35,430.2338697575474)(36,420.47162328044465)(37,412.52603270128185)(38,406.22693107539277)(39,401.39660082726067)(40,397.85474029403963)(41,395.42237437632406)(42,393.925402579486)(43,393.1978359258101)(44,393.0846341669347)(45,393.4440475252702)(46,419.32068709638463)(47,390.0801494259326)(48,387.2482718445903)(49,388.938496033539)(50,1486.1672622979816)(51,637.9595293078481)(52,439.160417395457)(53,403.35237128158)(54,400.3941862313006)(55,401.1411618539591)(56,1486.2979162314014)(57,793.8157773367527)(58,625.0589382586066)(59,580.4671445639466)(60,557.6294089589284)(61,536.2380064060673)(62,514.7026450565513)(63,494.1772502949474)(64,475.5025276719371)(65,459.02036797340634)(66,444.7857477884186)(67,432.7205187844993)(68,422.68832617803423)(69,414.52620917248936)(70,408.0577303046021)(71,403.09947620659466)(72,399.4655383539571)(73,396.9714232244346)(74,395.4376931070242)(75,394.693300830014)(76,394.5785131064066)(77,394.94732248923884)(78,2660.100881003427)(79,1130.8639807442605)(80,755.1465932318641)(81,663.6982899708736)(82,627.7919166760266)(83,598.3681473254443)(84,569.062864204174)(85,540.9249905405795)(86,515.1531303656699)

% MSSE
(0,1825.25)(1,569.460915505122)(2,203.79332263989886)(3,130.21367267375138)(4,89.67163608743404)(5,97.11109792533054)(6,1653.61)(7,552.4893061496248)(8,272.61856837664)(9,178.0915679680017)(10,159.7906974882336)(11,148.23911077198082)(12,121.34299165827944)(13,101.61744279011288)(14,86.2155900611808)(15,84.55823876646411)(16,56.981158817493444)(17,57.34992155449377)(18,52.9896415585303)(19,41.65583739822137)(20,27.55927822768949)(21,30.102512590686175)(22,21.233229659229906)(23,22.947625464097133)(24,4514.43)(25,1264.5037096742078)(26,826.8468681887521)(27,487.8892812472334)(28,502.2595410713207)(29,430.23498983078395)(30,334.55510059788)(31,396.0250172577764)(32,273.81816995458786)(33,330.2631103264314)(34,163.9438264541202)(35,179.04579076622593)(36,162.72652689064225)(37,172.35063322609395)(38,71.08653108472728)(39,68.53445672868887)(40,56.553790777025114)(41,74.84070224924733)(42,97.17887592928686)(43,29.22508297300796)(44,44.847798159003815)(45,33.17188908601186)(46,185.49)(47,190.66016668930274)(48,44.35499945322396)(49,77.36020992027316)(50,1446.15)(51,452.96676409922947)(52,208.07147775246315)(53,96.02863107881247)(54,86.42968519458637)(55,55.82912591955811)(56,1585.27)(57,1072.95026850187)(58,654.7491853033989)(59,556.2843661335681)(60,417.6590530044461)(61,458.0779374799609)(62,322.75060707427764)(63,277.68357244488243)(64,287.86455985814354)(65,228.52729027810778)(66,214.1834901621687)(67,144.3960169478014)(68,137.64964758467124)(69,121.23717007778765)(70,84.4522288346297)(71,70.94931755456572)(72,86.47601058508587)(73,63.22771307429807)(74,37.30695098684205)(75,38.938940664610534)(76,41.66475199136266)(77,20.249533918303555)(78,2832.1)(79,1199.4464582646244)(80,818.8031340443401)(81,597.0057366626415)(82,513.383465998557)(83,500.8349647472615)(84,476.34447349329974)(85,388.3768059646013)(86,306.9997940644996)
