% MSE
(0,1182.4861505243389)

(1,478.3126433926655)

(2,416.91755541514124)

(3,387.3024894040385)

(4,360.6762614942587)

(5,336.13319192023215)

(6,313.6268134599404)

(7,293.1107527259805)

(8,274.52401249560427)

(9,257.79193910596183)

(10,242.82757537378401)

(11,229.5332505058029)

(12,217.8023724520166)

(13,207.52138056010722)

(14,198.57180949659488)

(15,190.83240979473604)

(16,184.18126644295717)

(17,178.49785500349705)

(18,173.66497517898722)

(19,169.57050478976802)

(20,166.10892294506309)

(21,163.1825597912047)

(22,160.70254140449111)

(23,158.58941173350485)

(24,2609.0464997168892)

(25,651.7337673898891)

(26,493.36542732144153)

(27,427.3878041509126)

(28,372.72061306452235)

(29,326.144371976754)

(30,286.8595966031436)

(31,254.10223329475906)

(32,227.1153755790422)

(33,205.16303205467662)

(34,187.5427789123483)

(35,173.5965257374862)

(36,162.71906324948378)

(37,154.36418233037412)

(38,148.0482872839314)

(39,143.3515633759861)

(40,139.91688851311608)

(41,137.44679086872674)

(42,135.69883928599492)

(43,134.47990488887518)

(44,133.63974747063045)

(45,133.06435973498594)

(46,132.6694509535684)

(47,132.39437683917035)

(48,132.19673422743617)

(49,132.04774796521633)

(50,131.9284928645467)

(51,131.82692326713632)

(52,131.73563133496623)

(53,131.65022410370915)

(54,131.56819716368315)

(55,131.48818595949624)

(56,131.40948935262054)

(57,131.33177935646864)

(58,131.25493160146726)

(59,131.178930072613)

(60,131.10381526232547)

(61,131.02965654058468)

(62,130.95653753503154)

(63,130.88454835571432)

(64,130.81378143662624)

(65,130.7443293810433)

(66,130.67628476386142)

(67,130.6097631383831)

(68,130.54560660318162)

(69,130.50903735988084)

(70,4652.680422174182)

(71,553.4819480254132)

(72,347.6680188595058)

(73,323.97321562339505)

(74,307.4288771955215)

(75,292.52716726236093)

(76,279.069467389242)

(77,266.9472306416159)

(78,256.0498265078476)

(79,246.26590518781515)

(80,237.48539115305573)

(81,229.60129905413172)

(82,222.51131853335235)

% MSE_test
(0,1851.0218859512534)(1,737.6564723760705)(2,600.4154538272343)(3,560.27900672599)(4,534.7877828502035)(5,513.1069110353433)(6,493.7382140938802)(7,476.47687952471193)(8,461.2344520460579)(9,447.91375506216446)(10,436.4040569052454)(11,426.58315100483094)(12,418.31962859261176)(13,411.4753407157591)(14,405.90797865717616)(15,401.47369974069727)(16,398.0297203943136)(17,395.4367973440957)(18,393.5615200398624)(19,392.2783433910918)(20,391.4712994744191)(21,391.03533986693094)(22,390.87727611731833)(23,390.9163038422186)(24,3056.9773387191967)(25,824.9327798320755)(26,651.0289006771935)(27,599.2696852684226)(28,561.0148235620411)(29,528.9109250862349)(30,501.7777768410417)(31,479.04214592057656)(32,460.1963360771097)(33,444.7499645608077)(34,432.2352300259345)(35,422.2140426718217)(36,414.28363396175865)(37,408.08053828762866)(38,403.282899645521)(39,399.6111510475314)(40,396.82720052676893)(41,394.7323317314268)(42,393.16408249037164)(43,391.9923973448553)(44,391.1153579243314)(45,390.454779017524)(46,389.9519215582625)(47,389.56352196241744)(48,389.2582770619643)(49,389.0138624241102)(50,388.8145055845189)(51,388.64908968642044)(52,388.5097301288534)(53,388.39074789501)(54,388.28795694861844)(55,388.1981869590047)(56,388.1189729263531)(57,388.0483573655743)(58,387.9847639309026)(59,387.92691640198416)(60,387.8737796514097)(61,387.82452919198533)(62,387.77848342648304)(63,387.73521428158125)(64,387.6939752959948)(65,387.6560408942737)(66,387.61391716497786)(67,387.60368461505715)(68,387.4355328893538)(69,388.20121492287797)(70,5661.505446190659)(71,748.6496175942076)(72,436.0206475781703)(73,406.3919199289036)(74,399.5726881129206)(75,395.89360992736573)(76,393.149657122315)(77,391.0652863358016)(78,389.555674031687)(79,388.546084776725)(80,387.96350257329374)(81,387.7377978943907)(82,387.8026696892571)

% MSSE
(0,1561.1)(1,709.7869858802794)(2,490.2946859256415)(3,438.3297641177489)(4,394.1910233416963)(5,427.83537302423383)(6,333.85599363480827)(7,292.220627300637)(8,346.8909547921521)(9,262.1186670847469)(10,193.53602448324207)(11,178.2120637454687)(12,209.77255374869657)(13,144.6912903365575)(14,187.06701685064343)(15,152.22117577095005)(16,76.86048288957923)(17,119.47150010578264)(18,138.36679232222087)(19,58.5540060343818)(20,46.19190414034721)(21,85.9256094109789)(22,79.55672490638756)(23,46.82093548752796)(24,2437.79)(25,627.8777690149017)(26,376.2976973665165)(27,466.571327732509)(28,381.4324395756349)(29,286.9190875222723)(30,258.6139969939513)(31,172.81214617088193)(32,164.07951673266388)(33,146.4476862737004)(34,126.69307499708586)(35,77.72721029302525)(36,70.37022511332445)(37,64.95568202101326)(38,44.10284355161065)(39,52.43724292526318)(40,29.5644391869909)(41,42.78931199857179)(42,28.666380938597708)(43,17.025582151970575)(44,27.72784444522132)(45,31.2871411198499)(46,46.59933547203776)(47,6.796562148435496)(48,14.03604258380922)(49,32.18268811478433)(50,28.48023698937091)(51,70.61367138258893)(52,28.498921324348046)(53,17.356192174191914)(54,14.532904882753511)(55,23.88126727220791)(56,61.38427890758163)(57,33.537378436662365)(58,9.175427285340913)(59,6.74945912872168)(60,35.26533390168511)(61,46.497957002483815)(62,20.642063307656194)(63,23.219703464100053)(64,23.2517566318248)(65,46.37113151941232)(66,36.008859463771095)(67,19.84536013848713)(68,13.984170007012763)(69,20.846788420144684)(70,4986.02)(71,337.4667590910399)(72,177.78967779346848)(73,99.45398722828311)(74,234.10698114632015)(75,284.735608201679)(76,91.37136159006421)(77,326.7122736637432)(78,132.37523209397267)(79,146.3252369114588)(80,15.437371745865528)(81,88.8358782931971)(82,53.05223200936592)
