% MSE
(0,996.1841607554628)

(1,241.60971598537535)

(2,187.7177243123304)

(3,174.7050473204311)

(4,10989.357816455567)

(5,1099.5633187223993)

(6,503.9236560901621)

(7,447.2676259626791)

(8,538.2599597081638)

(9,456.947273844709)

(10,426.7170867951647)

(11,133.93389132728473)

(12,57.37077682728691)

(13,52.45438360581562)

(14,51.6981902945954)

(15,51.12486979581168)

(16,50.57230760978289)

(17,5243.430312007559)

(18,431.29598650050866)

(19,150.03020757889664)

(20,131.26315633234637)

(21,252.1311770852958)

(22,183.7077912656343)

(23,172.8114550510181)

(24,165.41765662509204)

(25,158.35978413733022)

(26,151.52546405339797)

(27,144.9285487451381)

(28,138.5846274839816)

(29,132.50747320300403)

(30,126.70876006113829)

(31,121.19785110383893)

(32,115.9816175857405)

(33,111.06429703600827)

(34,106.44739695129793)

(35,102.12965021526459)

(36,98.10702719243292)

(37,94.37280792762067)

(38,90.91771602205111)

(39,87.73011360184891)

(40,84.79625441982279)

(41,82.1005896412643)

(42,79.62611838844632)

(43,77.35477280606699)

(44,75.26782542203723)

(45,73.34630507558889)

(46,71.571406814418)

(47,69.9248810416268)

(48,68.38938789377653)

(49,66.94880436720867)

(50,65.58847402680318)

(51,64.29539210408214)

(52,63.05832222740881)

(53,61.86784467892846)

(54,60.71633966026308)

(55,664.9841117412981)

(56,386.0806059786853)

(57,346.665799200777)

(58,5765.16952044131)

(59,505.4668422138333)

(60,196.69139806497643)

(61,174.7768968815601)

(62,164.7749656116908)

(63,1075.482969386352)

(64,224.39432184360393)

(65,168.59942276412858)

(66,159.03697023323488)

(67,1178.7737702355203)

(68,430.24029484488943)

(69,363.55198519821045)

(70,337.035684741749)

(71,5248.490199329142)

(72,457.00026244903404)

(73,175.16920023610373)

(74,154.6613437504919)

(75,9203.403186117226)

(76,686.3527838630623)

(77,191.9754849866008)

(78,162.29834413609507)

(79,151.76121127494238)

(80,2229.1785068397726)

(81,833.91726162814)

(82,704.1162757955848)

(83,649.0526849226251)

(84,492.87696785556665)

(85,179.69033073076258)

(86,156.3379759439085)

(87,149.88540235574564)

(88,144.25527230552376)

(89,138.80008486797874)

(90,133.51563288040737)

(91,128.41341009623252)

(92,123.50375293071828)

(93,118.79542978228653)

% MSE_test
(0,768.1393507127235)(1,91.57234122111522)(2,71.31844211171345)(3,74.20978987805931)(4,10200.777573987334)(5,512.9362939856037)(6,73.4650366503831)(7,79.12965206135488)(8,99.98963493486492)(9,71.14035895419575)(10,74.16966098492095)(11,166.66801046458218)(12,77.70679564128211)(13,70.78188411660939)(14,70.11142201157915)(15,70.04643254325241)(16,70.06304461850499)(17,5033.701004670126)(18,290.4497024143751)(19,71.81201871634745)(20,73.86230042429524)(21,165.49369155156546)(22,82.21968732614849)(23,73.71970319172416)(24,72.47857211081235)(25,72.18936691989792)(26,72.04393560326417)(27,71.91839790090636)(28,71.79713871457848)(29,71.67917537134232)(30,71.56476857033044)(31,71.45420111860577)(32,71.34773600673846)(33,71.24561517257642)(34,71.14805729918301)(35,71.05525609767817)(36,70.96737897134062)(37,70.88456611996155)(38,70.80693009323298)(39,70.73455579343623)(40,70.66750090476403)(41,70.60579670868836)(42,70.54944922553047)(43,70.49844060734215)(44,70.45273069530967)(45,70.41225864947428)(46,70.37694455905292)(47,70.34669095037599)(48,70.32138412458498)(49,70.30089528044421)(50,70.28508140403814)(51,70.27378593977758)(52,70.26683928391041)(53,70.26405917681457)(54,70.265251073787)(55,258.24482929840514)(56,72.3417431123808)(57,75.94125048163279)(58,5585.433531530195)(59,330.1753182815605)(60,73.40547148328356)(61,71.98574624701907)(62,73.29029072914845)(63,832.5770146712148)(64,89.66194913628946)(65,73.00941557921554)(66,77.62710707233096)(67,721.7592797271273)(68,87.10862402765439)(69,72.78981290106516)(70,76.51033966858054)(71,5024.183107117665)(72,292.3769697434555)(73,71.98795994527221)(74,73.42693261336639)(75,8986.606511950462)(76,486.81601783109)(77,75.04442906836633)(78,73.72731797316385)(79,76.04317325339312)(80,1277.8490230153168)(81,101.48983832024328)(82,75.09688953463791)(83,81.97975773693882)(84,525.1228684251203)(85,122.7406541481705)(86,84.35322925488481)(87,79.2950671445145)(88,78.35955339071783)(89,78.0303102352493)(90,77.77657830437879)(91,77.53026142620409)(92,77.28625335888428)(93,77.04491686523336)

% MSSE
(0,1060.28)(1,119.61905244978261)(2,20.383798617314156)(3,0.0954754274192542)(4,10665.85)(5,660.9319541105427)(6,203.85347725662533)(7,2.050881408291334)(8,295.07)(9,33.80419259896696)(10,0.185809949963783)(11,83.29)(12,4.185709212846939)(13,9.073006718916313)(14,8.789326944774068)(15,3.314927352442428)(16,1.2162300693800774)(17,5412.25)(18,285.73389265757976)(19,6.455987753605583)(20,0.0819972742743645)(21,64.0)(22,13.771701570030148)(23,129.64384200225084)(24,0.07400463918481374)(25,42.165693314929065)(26,46.56519706384545)(27,135.13738671187082)(28,8.512176587181473)(29,92.80198408319093)(30,0.3305374147226726)(31,62.63348520938883)(32,120.21193501595863)(33,102.14498519956287)(34,48.88015817997537)(35,16.89199643569611)(36,37.30648531799069)(37,0.6850773486784557)(38,54.69923854310675)(39,49.10290629923047)(40,13.148038884534433)(41,33.50457666095423)(42,43.61495754302456)(43,18.96780507899388)(44,30.520878863849152)(45,22.306972976322964)(46,34.76371091506516)(47,19.899008301174838)(48,6.422758495905044)(49,101.47065959168302)(50,36.37780555679681)(51,6.607223118357042)(52,26.970367279704814)(53,23.78388515751364)(54,11.000747325431602)(55,424.39)(56,285.66909240698465)(57,207.2024732178934)(58,5830.75)(59,422.6911641643148)(60,108.41538099902773)(61,131.81760583654773)(62,23.086766836973442)(63,1096.77)(64,112.06359323124005)(65,31.72070044157694)(66,30.63782992085351)(67,927.39)(68,29.984575672503027)(69,0.03908059883466511)(70,257.442877032106)(71,5238.25)(72,510.0874565396696)(73,175.82355243879124)(74,4.2832351223672624)(75,9364.93)(76,493.09424407664875)(77,68.97241258343225)(78,87.54835308070429)(79,49.40167054291282)(80,1365.85)(81,709.343279423937)(82,136.28481157788482)(83,294.3619121835017)(84,399.61)(85,89.05874317859777)(86,69.79804668883952)(87,65.00617569908135)(88,91.28928387721636)(89,98.65896978230218)(90,1.5950219822760436)(91,61.75192439152656)(92,111.24097393946255)(93,82.80915966927573)
