% MSE
(0,7346.072284062855)

(1,4892.247347305031)

(2,3889.621999448975)

(3,3413.694621171376)

(4,3192.8229509091016)

(5,3165.465925789531)

(6,3663.740152110248)

(7,3287.7186854847437)

(8,3005.9087113008036)

(9,32778.17236100154)

(10,17180.450436024348)

(11,11360.3861648546)

(12,9039.715610391726)

(13,8376.842165520004)

(14,4760.160814347305)

(15,3469.359325802969)

(16,2916.7563420412466)

(17,2660.907471352292)

(18,2574.0262447948317)

(19,6039.320518497913)

(20,4586.325736293096)

(21,3921.669063323068)

(22,20242.64838402165)

(23,12269.292137870943)

(24,9000.744566279618)

(25,7114.819289746609)

(26,4815.6904138572445)

(27,3813.6603185907156)

(28,3471.2383384969075)

(29,3224.3729299251436)

(30,26926.541651359323)

(31,15358.266312520363)

(32,10829.819346870581)

(33,8850.297027159475)

(34,8098.438019665039)

(35,4295.236492151895)

(36,3977.1423292988975)

(37,3760.978812854631)

(38,5350.413997284496)

(39,4835.55737302485)

(40,6733.554765426768)

(41,6318.984810331281)

(42,6237.995605965472)

(43,32142.206246355043)

(44,17114.408731473948)

(45,11499.673091849452)

(46,9252.988126552167)

(47,8601.198249456143)

(48,5107.06892442906)

(49,3851.515655444033)

(50,3305.8805354675847)

(51,3045.169508142815)

(52,2946.4069360387966)

(53,19646.354034241813)

(54,10730.725307431152)

(55,7372.123237991477)

(56,6005.017018494446)

(57,5583.491809525445)

(58,3496.437692411721)

(59,2732.502210765603)

(60,2390.0271043525668)

(61,2218.300157912088)

(62,2144.7208717202157)

(63,5197.211696948073)

(64,4654.416891592311)

(65,4184.641820122492)

(66,3793.0194308524815)

(67,3507.0563977678994)

(68,3428.4346350860396)

(69,3343.753416365937)

(70,5438.432225083491)

(71,4887.764803269508)

(72,4522.929322081029)

(73,4110.772252217805)

(74,3889.327332539264)

(75,3261.5343259673555)

(76,2890.660754709529)

(77,2656.0136487404307)

(78,2527.746303482679)

(79,2206.1712420894023)

(80,2021.9555435245115)

(81,1898.9206888507445)

(82,1814.2676510214935)

(83,1765.830334694794)

(84,1649.1446107223878)

(85,1575.904819029707)

(86,1524.4116358147392)

(87,1488.9728929063506)

(88,1472.011924033488)

(89,5098.1257418237865)

(90,3993.34660889308)

(91,3481.4880327591754)

(92,3186.337464578465)

(93,2997.769351139123)

(94,12776.135716274197)

(95,8101.629000177995)

(96,6202.0529584416445)

(97,5309.403235719839)

% MSE_test
(0,6449.718825760906)(1,3605.7369791309975)(2,2933.9685842258805)(3,2397.7605591215174)(4,2293.594067099333)(5,2332.7799759543973)(6,3214.208690356136)(7,2496.6362617982963)(8,2501.3803675960103)(9,32163.839429320215)(10,15904.668043314743)(11,10616.09949331136)(12,8244.01431256661)(13,7616.712219230925)(14,4203.961080815945)(15,2822.503867201484)(16,2471.0859971390987)(17,2084.731357370985)(18,2226.3078442189117)(19,5857.841427049212)(20,2855.5365159261114)(21,3296.630023900366)(22,22723.363091398758)(23,9158.97418754253)(24,9590.501442131876)(25,8318.249968109196)(26,4069.7871849854087)(27,4165.968443379786)(28,3124.8892795236497)(29,3225.420593094145)(30,28179.929548750628)(31,11816.814995975434)(32,10462.82147777943)(33,6486.814734289827)(34,7360.9628271057145)(35,2899.930455746287)(36,2244.345447418884)(37,2527.7810700443565)(38,4067.4095931564434)(39,4691.878484179806)(40,4445.516070962754)(41,4361.782715270584)(42,4421.27273738584)(43,31878.882924889822)(44,15171.397544109517)(45,10776.816657622052)(46,7931.876945974279)(47,7784.037704334876)(48,4129.966288821749)(49,3022.555571694012)(50,2508.4117871777307)(51,2264.6674493364276)(52,2272.0664182168753)(53,19364.35731252036)(54,10157.214027754491)(55,7007.256876365217)(56,5677.606747853148)(57,5184.598872829398)(58,3275.7311772383327)(59,2398.8071797140947)(60,2205.3682403794232)(61,1910.6791572828183)(62,1999.1945712253105)(63,3339.034842844244)(64,2862.294430953039)(65,2640.476232118049)(66,2303.7618728765106)(67,2230.434795810667)(68,2197.137123447251)(69,2242.33653127917)(70,3871.8856776992225)(71,2800.0699774989603)(72,3179.126381976712)(73,4916.489934380454)(74,3859.306345348116)(75,3721.988266192093)(76,2929.049221652676)(77,2886.7573444152304)(78,2533.535958514004)(79,2286.190932788528)(80,2024.2962233631529)(81,1886.19718757414)(82,1788.3073806866798)(83,1681.1235341252539)(84,1598.6460562369457)(85,1459.6457263833302)(86,1451.40771547314)(87,1339.4067151556474)(88,1392.3316318391946)(89,3222.0336543844273)(90,1860.8435877617233)(91,1752.3982675565533)(92,1357.5468193773693)(93,1483.5711100033855)(94,12043.359929691247)(95,6485.435557931108)(96,5257.392179332558)(97,4115.578028863567)

% MSSE
(0,6476.9)(1,4802.7973370134205)(2,2972.379820171056)(3,2973.433309096999)(4,2211.7225273320373)(5,2184.063664559757)(6,3168.35)(7,2419.3727194360767)(8,3166.1903826499097)(9,30685.02)(10,19193.591739773812)(11,10314.191342684591)(12,9115.16230196547)(13,7220.288803334144)(14,4297.397674345074)(15,3171.5322431174777)(16,2475.072346213455)(17,2153.335993209531)(18,2299.5328756254653)(19,6669.86)(20,4152.961050168362)(21,4363.316484048072)(22,17615.67)(23,10930.643109397099)(24,9335.84965176217)(25,9201.83)(26,4525.527678583644)(27,5928.789339915826)(28,4502.22)(29,3101.6156402074957)(30,28507.69)(31,20322.712992878853)(32,12758.192588111593)(33,6218.349724579639)(34,8589.84628342066)(35,4225.67)(36,2752.5336100047616)(37,3375.5290115778557)(38,4246.88)(39,5005.857850475227)(40,5211.78)(41,6068.97398807769)(42,8024.343879527174)(43,31404.67)(44,17533.356328136448)(45,12951.269314537114)(46,10605.708789155866)(47,8521.815859519396)(48,4232.259399854864)(49,3542.2688226628666)(50,4722.52729597622)(51,2677.5291496630794)(52,2899.3953308365913)(53,20519.96)(54,9396.705805934766)(55,6914.248868445199)(56,5663.621485078342)(57,5166.669165905875)(58,3060.262885154995)(59,2183.1067587484913)(60,2377.135660633433)(61,1798.2580169579232)(62,1477.9473895237993)(63,4254.17)(64,4461.572571128884)(65,3356.7439018849736)(66,4020.4957294066135)(67,1590.0049840022161)(68,2696.4531194656856)(69,3162.845739244721)(70,5340.77)(71,4107.147075218884)(72,3189.918127558795)(73,3404.88)(74,3357.0490605930977)(75,2765.8607411698044)(76,1901.1684738404)(77,3472.8672920529707)(78,1930.671279144464)(79,1866.0891730789822)(80,1008.1405957412945)(81,1661.3013771692436)(82,921.2086412787255)(83,1140.8476347517471)(84,868.3720147381645)(85,816.0465060545225)(86,823.7412828892308)(87,732.42781404748)(88,499.64646885784356)(89,3643.5)(90,3146.5267882507524)(91,2169.8436387304923)(92,2370.893473563139)(93,1929.5272800709654)(94,14084.23)(95,7851.1243484648785)(96,6160.950389905335)(97,3778.2137949451735)
