% MSE
(0,2153.5940766570284)

(1,1620.0062378909436)

(2,1308.1187685463833)

(3,1129.3450376351907)

(4,1027.805822364031)

(5,969.5475566755599)

(6,934.7422047197907)

(7,912.2873343979338)

(8,896.2352772344317)

(9,883.5424827786944)

(10,872.7208869828213)

(11,863.0718607207443)

(12,854.275104744325)

(13,846.1809991206371)

(14,838.7123108174146)

(15,831.8208107454547)

(16,825.4695308587909)

(17,819.6260971085162)

(18,814.2604581168249)

(19,809.3441976847427)

(20,804.8503490939113)

(21,800.7533315998379)

(22,797.0288886105437)

(23,793.653995308293)

(24,790.6067330862857)

(25,787.8661393936627)

(26,785.4120467084807)

(27,783.2249264574355)

(28,781.2857534252173)

(29,779.5759038603555)

(30,778.0770965477395)

(31,776.771381207328)

(32,775.6411733965103)

(33,774.6693303117404)

(34,1805.4899141935584)

(35,1627.693235506154)

(36,1493.0567699658382)

(37,1387.2934846513122)

(38,1301.2090795715105)

(39,1229.0256670484705)

(40,1167.1696688541676)

(41,1113.4332557483417)

(42,1066.420326940781)

(43,1025.1977844329313)

(44,989.0870401495692)

(45,957.5461080673591)

(46,930.1069410864519)

(47,906.3445160589918)

(48,885.8630731848438)

(49,868.2910405901682)

(50,853.280041310123)

(51,840.5056198066565)

(52,829.668515987703)

(53,820.4958994386495)

(54,812.7422504364959)

(55,806.1897095691271)

(56,800.6478013669733)

(57,795.9525052184466)

(58,791.9647086505169)

(59,788.5681322668047)

(60,785.6668575455668)

(61,783.1826142792285)

(62,781.0519918751427)

(63,779.2237287892433)

(64,777.6562100336273)

(65,776.315268551829)

(66,775.1723475664227)

(67,774.2030429060546)

(68,773.3860110902513)

(69,772.7022035289745)

(70,772.1343709751036)

(71,771.6667752739121)

(72,771.2850462279386)

(73,770.9761280379471)

(74,770.7282700169466)

(75,770.5310279690082)

(76,770.3752540651266)

(77,770.2530630756897)

(78,770.1577708194817)

(79,770.0838064908835)

(80,770.0266042577009)

(81,769.9824814737243)

% MSE_test
(0,1553.1169209063517)(1,1072.9749064183259)(2,795.7890168473223)(3,639.5250793601027)(4,552.6753684754101)(5,504.14071372816613)(6,475.92207147570394)(7,458.07150325838586)(8,445.36287118614905)(9,435.20183452240775)(10,426.3807729926611)(11,418.3777541473648)(12,410.98546984382654)(13,404.12798808725836)(14,397.77731459391146)(15,391.9191048708272)(16,386.54053328283885)(17,381.627099090005)(18,377.1624898263368)(19,373.1291825446955)(20,369.5090167565827)(21,366.2835678490316)(22,363.4343374513041)(23,360.9428149651323)(24,358.79045818949106)(25,356.95862808634)(26,355.42850337818027)(27,354.18099550966576)(28,353.1966816493698)(29,352.45577088425324)(30,351.93811533692997)(31,351.6232732494204)(32,351.49062544588105)(33,351.5195407196828)(34,1427.3005947796714)(35,1237.3759169629948)(36,1092.3800676687151)(37,978.4729835639805)(38,886.5277342713808)(39,810.5992253728365)(40,746.8202576639464)(41,692.6391756931379)(42,646.315824188151)(43,606.602424690195)(44,572.5497862630202)(45,543.3939538696778)(46,518.4918030491455)(47,497.2849917117479)(48,479.27970611637244)(49,464.0350179387188)(50,451.1559553436999)(51,440.28921883270453)(52,431.1204026274838)(53,423.3720273651741)(54,416.80191005831364)(55,411.20153165040347)(56,406.3941712404274)(57,402.23267687150803)(58,398.59683529443447)(59,395.3903819168643)(60,392.5377522823965)(61,389.98071500029755)(62,387.6750424092956)(63,385.58737083574766)(64,383.6923803989371)(65,381.97038974220226)(66,380.4054195825757)(67,378.9837365014075)(68,377.69285023798034)(69,376.5209078770772)(70,375.4564089891879)(71,374.4881574244105)(72,373.60536693847774)(73,372.797846901961)(74,372.0562082551073)(75,371.3720458999376)(76,370.7380695943752)(77,370.14816952072096)(78,369.5974141264097)(79,369.08198624993383)(80,368.5990690385719)(81,368.14669607573285)

% MSSE
(0,1986.92)(1,1372.2916565747225)(2,865.6837268604309)(3,692.3300884519882)(4,437.70903154342597)(5,340.8484377965105)(6,295.6441144253827)(7,288.03230171081464)(8,284.42309788352026)(9,239.42095863086735)(10,211.76501612066414)(11,173.29169825032045)(12,177.63191928937155)(13,147.26849058402016)(14,138.27791902438545)(15,101.2302500351504)(16,101.24862459309288)(17,105.12692072198026)(18,74.17060734517756)(19,77.90386449632338)(20,49.68938349890354)(21,51.71906158430705)(22,35.55231311557023)(23,41.952199885786605)(24,34.6840279897284)(25,27.38783298882475)(26,23.573723501298847)(27,20.51876602427428)(28,15.414486483741266)(29,16.38893432417466)(30,11.559863328244749)(31,12.178383627522578)(32,9.985155848627555)(33,8.68547973220238)(34,1544.11)(35,1481.2740949795316)(36,1594.2706612286281)(37,1039.901382921505)(38,771.6848112072994)(39,831.4498414882613)(40,1050.1053669359392)(41,720.5508795216729)(42,669.5281570238309)(43,584.0328413402602)(44,562.8435404570405)(45,363.3581979702766)(46,308.1941915283855)(47,287.75137714250604)(48,238.03421233634242)(49,242.1463627948755)(50,177.90171406257758)(51,134.34338022863162)(52,123.51843921054035)(53,102.20975752584445)(54,87.5568783156955)(55,90.24455387889711)(56,81.74207630039254)(57,60.743632232462275)(58,58.18335664986648)(59,45.48649113369454)(60,41.626548927606684)(61,42.24663637971863)(62,31.110538476076186)(63,28.811573412038907)(64,20.86387616461009)(65,33.41589982347122)(66,18.726896085392312)(67,25.170646289125997)(68,16.296836971919774)(69,19.462422575655047)(70,22.55305330481535)(71,20.960134800619866)(72,13.369340632047528)(73,12.415276711856261)(74,16.53246404953844)(75,11.724798662724936)(76,13.637643877330657)(77,15.649694979580536)(78,14.812053301436347)(79,18.163367280115462)(80,10.941385792855815)(81,12.474855134565642)
