% MSE
(0,299.4477395003677)

(1,228.2097560835169)

(2,216.47655747192644)

(3,212.19972695173217)

(4,1955.1127277775277)

(5,520.6905580607142)

(6,334.1086082347582)

(7,299.58352446780174)

(8,282.16143872738553)

(9,268.18889420863763)

(10,256.36723083957577)

(11,246.38285566684917)

(12,237.990961978156)

(13,230.9643018674261)

(14,225.09391476623887)

(15,220.1912039888602)

(16,216.08918507385437)

(17,212.64286964422357)

(18,209.72885030373632)

(19,1035.2424769960312)

(20,310.55630055745956)

(21,222.96329245304537)

(22,211.99194851910352)

(23,208.7125371857693)

(24,206.25114561164247)

(25,204.05342441726287)

(26,202.06603772272692)

(27,200.26606312707602)

(28,198.6332028834588)

(29,197.14889344419012)

(30,195.7964553807128)

(31,194.5611829691339)

(32,193.4303475805592)

(33,192.39312214062937)

(34,191.44043844725442)

(35,190.56479229674156)

(36,189.7600132995237)

(37,189.02101684302778)

(38,188.34355489418846)

(39,187.72398037977533)

(40,187.1590370091785)

(41,186.64568296220088)

(42,186.180953235705)

(43,185.76186198906936)

(44,185.38534324421062)

(45,185.04822597809667)

(46,184.74723808000815)

(47,184.47903281469817)

(48,184.24023123862733)

(49,184.02747431571711)

(50,183.83747911526638)

(51,183.66709430706896)

(52,183.51335108862747)

(53,183.37350661433325)

(54,183.2450779048202)

(55,183.12586507403444)

(56,183.01396350702657)

(57,182.90776533706799)

(58,182.80595118573922)

(59,182.70747362005935)

(60,182.61153412383186)

(61,182.51755556066982)

(62,182.42515212038808)

(63,182.33409860043736)

(64,182.24430060658605)

(65,182.15576690185227)

(66,182.06858476331917)

(67,181.98289976689492)

(68,181.89893516348647)

(69,181.81844272154336)

(70,181.80926123202428)

(71,1602.149455121905)

(72,670.6527507795801)

(73,502.4166936716389)

(74,434.3716333198242)

(75,384.1713036283617)

(76,342.77695107538227)

(77,308.6235012323436)

(78,280.7620175196319)

(79,258.31901282599154)

(80,240.4767070637276)

(81,226.4824266086839)

(82,215.65633090762802)

(83,207.39606152609548)

% MSE_test
(0,307.6630194612233)(1,265.6843503875337)(2,265.635208847971)(3,266.8892961066493)(4,1839.0178585715794)(5,505.8819052167725)(6,348.80472842657633)(7,326.8984727052113)(8,317.11853251491067)(9,309.16519333755906)(10,302.7752623097165)(11,297.91499510291106)(12,294.3866539568316)(13,291.95269520837456)(14,290.38656764461)(15,289.4860393118652)(16,289.0762251580242)(17,289.0099803371639)(18,289.167160205037)(19,1185.9872326739167)(20,439.4054911785329)(21,338.02145065818)(22,322.6820984253498)(23,318.9612807296203)(24,317.24029692350956)(25,315.9974831227131)(26,314.9002332716401)(27,313.8595385910989)(28,312.84394845916364)(29,311.83595014012377)(30,310.8230275379059)(31,309.7962885428714)(32,308.7502261588998)(33,307.68248963174017)(34,306.59356142016355)(35,305.4863567825135)(36,304.3657700670497)(37,303.23819302405303)(38,302.1110301522398)(39,300.9922341216407)(40,299.8898809731057)(41,298.81180044367153)(42,297.76527184631914)(43,296.75679088702105)(44,295.79190803758564)(45,294.8751349242068)(46,294.0099118617324)(47,293.19862727784397)(48,292.44267835025164)(49,291.7425616687035)(50,291.0979830264651)(51,290.5079764043008)(52,289.9710236789551)(53,289.4851683989713)(54,289.0481189552679)(55,288.6573384509108)(56,288.310120401553)(57,288.0036508829807)(58,287.73505892180606)(59,287.50145733968066)(60,287.299977193111)(61,287.1277961389575)(62,286.9821702395927)(63,286.8604393256307)(64,286.7601402143987)(65,286.67861170239985)(66,286.6151064314543)(67,286.55969451033917)(68,286.5560461136312)(69,286.327121209592)(70,287.7238405214016)(71,1547.8230093170503)(72,663.975290549905)(73,505.644192195045)(74,443.2287393357935)(75,398.9821126314602)(76,364.0219147025782)(77,336.4990847291816)(78,315.2612305269256)(79,299.3078410184384)(80,287.73109283941085)(81,279.70766151556535)(82,274.5018681090256)(83,271.46958695871575)

% MSSE
(0,296.88)(1,113.8276872747185)(2,136.1171763370898)(3,99.10501027351351)(4,2067.98)(5,537.0544206566221)(6,222.2915129466306)(7,321.9605532042123)(8,263.6449993542801)(9,123.09520356664713)(10,175.24626129439648)(11,86.44057243581894)(12,164.09717049167165)(13,67.48276970655657)(14,156.1982789177001)(15,238.8422166378099)(16,126.63993155328275)(17,145.31271872875985)(18,26.00550128732327)(19,778.45)(20,143.85120528317694)(21,241.50473740027704)(22,167.46075273579646)(23,86.04043513772513)(24,70.06441540198371)(25,107.46709008198954)(26,89.71044626393355)(27,263.1002664538327)(28,149.24947858815793)(29,137.12137941165042)(30,287.39578941579435)(31,159.12790343778863)(32,70.3284503314645)(33,68.66187654935021)(34,68.35815825727896)(35,241.9770989922653)(36,359.3755457327732)(37,151.87872703276207)(38,146.028599482967)(39,171.78623934172228)(40,91.42073373888063)(41,119.51751208197221)(42,46.393283266021356)(43,137.53614239420784)(44,127.240146741483)(45,74.61013074084539)(46,268.11877064967075)(47,214.36746379641795)(48,30.928637612847766)(49,26.165077189310033)(50,301.4005326765389)(51,137.07283739672138)(52,43.29592308123458)(53,59.821294450122814)(54,32.82997497643807)(55,48.86760954355779)(56,131.66735513760625)(57,47.868401052579294)(58,100.64177821090975)(59,39.60836450971077)(60,344.4021832792555)(61,41.122691998189474)(62,131.41749873976497)(63,116.76715991129134)(64,33.875281756697156)(65,206.47290679292357)(66,123.00052613472792)(67,130.2287138209087)(68,140.96821230380564)(69,120.54705262811176)(70,102.89076234481031)(71,1835.74)(72,689.9687455853268)(73,587.8132418165828)(74,431.62247289313257)(75,420.431377170471)(76,339.39584822803283)(77,235.29659834968774)(78,140.2650153857632)(79,177.70168882217055)(80,203.35457032699205)(81,63.64342542131444)(82,110.81157772531795)(83,26.077892469443874)
