% MSE
(0,6235.249739697082)

(1,271.7993434585952)

(2,259.00935208095075)

(3,254.1138570064483)

(4,250.15300885635338)

(5,246.94367381061184)

(6,244.36100842441553)

(7,242.29302593353393)

(8,240.6405316938328)

(9,239.3173655994344)

(10,238.25020676999625)

(11,237.3779751172346)

(12,444.6064393973524)

(13,302.7504796909862)

(14,295.15206678263115)

(15,288.7980496838154)

(16,283.386926182028)

(17,278.7779484109507)

(18,274.84273672069247)

(19,271.46556689703925)

(20,268.54414121553)

(21,265.98984683766656)

(22,41583.316706692)

(23,361.673173716406)

(24,307.0793500267946)

(25,300.5281145159539)

(26,294.8043312354594)

(27,289.5250667754909)

(28,284.6408813129303)

(29,280.11298509065335)

(30,275.9076342827603)

(31,271.99590350365395)

(32,268.3534465547875)

(33,264.9600988860005)

(34,261.7993507833117)

(35,258.857733859459)

(36,256.12416562363006)

(37,253.58929513832402)

(38,251.2448879210369)

(39,249.08328103060703)

(40,247.09693056749228)

(41,245.27806456626413)

(42,243.61844537242337)

(43,242.1092378210484)

(44,240.74097339441184)

(45,239.50359637555974)

(46,238.38657654338172)

(47,237.3790790829091)

(48,236.47023569355346)

(49,235.6500065278064)

(50,234.91529325804788)

(51,234.32972569217756)

(52,907.3987280011113)

(53,453.10828028743555)

(54,425.44896168096125)

(55,402.1293643057913)

(56,382.1671263840273)

(57,365.0918622103129)

(58,350.47438564990745)

(59,337.9277890844503)

(60,327.1099324404212)

(61,317.7241848302962)

(62,309.5185017431839)

(63,302.28305868084135)

(64,295.84672866242124)

(65,290.07273141472973)

(66,284.85379535003784)

(67,280.10716000891506)

(68,275.7697096566662)

(69,271.79347369731613)

(70,268.14166364291003)

(71,264.78534727478575)

(72,261.70079560187816)

(73,1154.0289336731244)

(74,757.3780191680552)

(75,643.2809422609528)

(76,550.4101202217727)

(77,475.5720556698755)

(78,416.0473067945813)

(79,369.3342614374374)

(80,333.1730004113476)

(81,305.56082010219484)

(82,284.7576601202865)

(83,269.2821469002448)

(84,257.8994668525988)

% MSE_test
(0,5198.06239647865)(1,167.63316316337796)(2,143.9007498759068)(3,142.08570237879044)(4,139.58655871279035)(5,137.93833694330368)(6,136.7408810517294)(7,135.96223817644233)(8,135.49336025613243)(9,135.2665038262471)(10,135.21441754484576)(11,135.2870866579789)(12,421.0067991556052)(13,233.94499853951663)(14,232.75062865984265)(15,229.96609028318886)(16,228.1141848192127)(17,226.79308719024166)(18,225.94972541548836)(19,225.4829933640377)(20,225.3190232947832)(21,225.39133423538829)(22,36481.878839111254)(23,469.18288360103173)(24,376.3180708309057)(25,375.9403188067295)(26,371.3730790587979)(27,367.65880959960236)(28,363.8946369239211)(29,360.2638100745641)(30,356.69443001538394)(31,353.2019870777072)(32,349.77379672956954)(33,346.41628809137086)(34,343.1300151588236)(35,339.9231928750536)(36,336.800931647685)(37,333.77228593333757)(38,330.84253800090147)(39,328.01966071477284)(40,325.30597723412495)(41,322.707642324407)(42,320.22109332537735)(43,317.8530647707234)(44,315.5877954954655)(45,313.4457626616321)(46,311.37049487484177)(47,309.4663828093323)(48,307.46162606336173)(49,306.0188895992782)(50,303.3078671654141)(51,304.71862809339723)(52,508.7985099223141)(53,339.25667585668214)(54,298.7688670963692)(55,272.5813670401844)(56,249.57073016241063)(57,230.24431480568788)(58,214.0070725266148)(59,200.48308584133477)(60,189.28820537556618)(61,180.08911112860451)(62,172.58569205831898)(63,166.51776927963294)(64,161.65982381311358)(65,157.82044633712653)(66,154.8377986060836)(67,152.57710396498624)(68,150.92610457765443)(69,149.79235445838287)(70,149.09894844376686)(71,148.78265968641915)(72,148.78985220522765)(73,1265.0946661777637)(74,868.0118424182422)(75,753.8020325939139)(76,659.3303415231481)(77,582.0693424106313)(78,519.5743872644654)(79,469.5419009673862)(80,429.89484292156953)(81,398.7712317581608)(82,374.5414293284656)(83,355.8020534118)(84,341.3694778289544)

% MSSE
(0,6375.02)(1,234.8739008227777)(2,177.55878363507512)(3,142.36917303716098)(4,197.07833160599915)(5,158.2603086051618)(6,184.48443072503994)(7,222.72247632482956)(8,142.52814451073039)(9,194.51636015356212)(10,119.96066930814544)(11,151.14202323632767)(12,758.34)(13,381.28873799923974)(14,279.1166080466404)(15,116.65947836570446)(16,559.6929669265992)(17,321.9821810845377)(18,398.1768344288399)(19,521.5491313618136)(20,504.96058418701404)(21,305.5845041540622)(22,43395.7)(23,318.96291152811153)(24,499.0788213498602)(25,250.45847253327673)(26,592.4411195867585)(27,266.8436774114328)(28,310.9989921876844)(29,363.34795012841363)(30,355.18664113555633)(31,347.4572264334246)(32,419.8851783335498)(33,238.04105061622317)(34,168.73107661155962)(35,477.6079476827111)(36,401.8409243432005)(37,276.875023751488)(38,277.33736799778757)(39,155.03249536452714)(40,247.94083250772326)(41,201.72386031575562)(42,360.8269215231717)(43,209.22910519650225)(44,197.3984767349949)(45,307.78694429173896)(46,380.7045380223327)(47,219.95474797170692)(48,263.57975532508533)(49,200.15102111138197)(50,223.46345712613723)(51,312.9038133172659)(52,731.98)(53,499.3206975665396)(54,449.72590465337817)(55,580.4462241612277)(56,566.4307137507373)(57,694.9682527181316)(58,430.0951288778118)(59,234.1201365149106)(60,351.38683235729144)(61,306.1841199594241)(62,316.24071377867966)(63,225.90878110867342)(64,313.4284340224307)(65,352.6779510339861)(66,474.2403756243728)(67,341.65630677025547)(68,193.60183769746033)(69,449.8873155778716)(70,222.2222767726423)(71,353.003661629615)(72,139.2670343230595)(73,1142.58)(74,721.7692516580635)(75,570.1228401904034)(76,465.69057121970866)(77,426.0826169089412)(78,239.67744017381415)(79,216.71363889634966)(80,154.62749936461984)(81,498.49903072299026)(82,58.76759523560463)(83,81.21364537551291)(84,115.3125730913813)
