% MSE
(0,1478.7882428064822)

(1,1302.9281271458208)

(2,1209.9208147218599)

(3,1158.8001093901644)

(4,1128.660446873315)

(5,1109.2599162273777)

(6,1095.7314451856416)

(7,1085.7732271190773)

(8,1078.2456804374624)

(9,1072.5157816497422)

(10,1068.171620406526)

(11,1064.9068804915316)

(12,1062.4769485357474)

(13,1060.6823454701473)

(14,1059.3613197635016)

(15,1058.3849635446343)

(16,1057.6527999485174)

(17,1057.0884155278222)

(18,1056.6352014341035)

(19,1056.2523664821242)

(20,1055.9113645871917)

(21,1055.5928272833653)

(22,1055.2840374467507)

(23,1054.9769331273137)

(24,1054.6665948479708)

(25,1054.350147318988)

(26,1054.0259966319027)

(27,1053.6933245153052)

(28,1053.3517691543104)

(29,1053.0012341890663)

(30,1052.6417809660961)

(31,1052.273571793204)

(32,1051.8968425717305)

(33,1051.5118912593432)

(34,1051.1190742438787)

(35,1050.718806310553)

(36,1050.3115620040458)

(37,1049.897877330403)

(38,1049.4783513071843)

(39,1049.0536471217852)

(40,1048.624492758305)

(41,1048.1916809884942)

(42,1047.7560686328532)

(43,1047.3185750013179)

(44,1046.8801794257374)

(45,1046.4419178009316)

(46,1046.0048780585905)

(47,1045.5701945090896)

(48,1045.1390410009285)

(49,1044.7126228662407)

(50,1044.2921676439435)

(51,1043.8789145997057)

(52,1043.4741030939783)

(53,1043.0789598855451)

(54,1042.694685498095)

(55,1042.3224398201783)

(56,1041.9633271537175)

(57,1041.6183809714512)

(58,1041.2885486875523)

(59,1040.9746767860408)

(60,1040.6774966861558)

(61,1040.3976117498503)

(62,1040.1354858519207)

(63,1039.891433957177)

(64,1039.665616051596)

(65,1039.458076276895)

(66,1039.2708651837138)

(67,1454.4772593123769)

(68,1243.206087222387)

(69,1144.8672033644382)

(70,1101.033697790107)

(71,1082.2199080480957)

(72,1074.30981884685)

(73,1070.9143231009461)

(74,1069.3073865718418)

(75,1068.3936280180005)

(76,1067.7564294792526)

(77,1067.2424781330517)

(78,1066.7937012854404)

(79,1066.384609476353)

(80,1066.0008652587087)

(81,1065.6325373358059)

% MSE_test
(0,1460.479583141293)(1,1241.7903451517006)(2,1121.1832209453778)(3,1051.7529154705655)(4,1009.0026893379217)(5,980.5240685826523)(6,960.142587710982)(7,944.7677745238623)(8,932.7861402192563)(9,923.2823684357406)(10,915.6783018771669)(11,909.5702813367034)(12,904.6556522080892)(13,900.6978149189138)(14,897.507790795504)(15,894.9331388045712)(16,892.8504428982802)(17,891.1597444385119)(18,889.7801652861236)(19,888.6463476897216)(20,887.7055192644714)(21,886.9150791836313)(22,886.2406380171653)(23,885.6544524435969)(24,885.1341935644342)(25,884.6619842349238)(26,884.2236420126173)(27,883.8080712487265)(28,883.4067591303436)(29,883.01334361858)(30,882.6232337223533)(31,882.2332725851735)(32,881.8414405554768)(33,881.4465987403622)(34,881.0482741201793)(35,880.6464860705597)(36,880.2416120900872)(37,879.8342884943719)(38,879.425340360877)(39,879.0157343401427)(40,878.6065480757675)(41,878.1989507110189)(42,877.7941900394771)(43,877.3935830223936)(44,876.9985074509192)(45,876.6103933688261)(46,876.2307134640799)(47,875.8609720164217)(48,875.5026922111008)(49,875.1574017560665)(50,874.8266168186808)(51,874.5118243579999)(52,874.2144629863941)(53,873.935902553344)(54,873.6774227134952)(55,873.4401907959011)(56,873.2252394100047)(57,873.0334441150906)(58,872.8655022567351)(59,872.721911117599)(60,872.6029572311793)(61,872.5086628515216)(62,872.4389741463274)(63,872.3926249157291)(64,872.3738655450971)(65,872.349904673189)(66,872.5390421850069)(67,1395.5786923620876)(68,1144.537077620076)(69,1022.2861591510635)(70,963.7942266430706)(71,935.7734771281174)(72,921.9172339960193)(73,914.560306365468)(74,910.2201815331715)(75,907.3449779587964)(76,905.2393803288351)(77,903.5795823223351)(78,902.2038785356519)(79,901.0243547840453)(80,899.989108629034)(81,899.0650846352635)

% MSSE
(0,1196.54)(1,797.1606826230287)(2,694.6219750837524)(3,482.99252075446117)(4,415.81632941341513)(5,326.122975056228)(6,286.6405119542722)(7,270.01697539816325)(8,260.3242807550858)(9,159.01351341326824)(10,193.72177255299633)(11,142.18109251737954)(12,153.425574194707)(13,133.7270185407181)(14,149.60818954798282)(15,119.81421417435443)(16,112.21661606103993)(17,66.2425397698918)(18,124.81051595335921)(19,81.97632431214168)(20,126.91688620984831)(21,91.51934402741388)(22,89.12243803555165)(23,116.1216288676589)(24,131.47762569429494)(25,99.86374962728782)(26,79.06759890474459)(27,93.87996272749581)(28,103.37517579513457)(29,105.65920420850968)(30,74.30908869158645)(31,94.63079164727486)(32,79.75805953985507)(33,81.06103448538967)(34,65.73092832299807)(35,71.97157152428825)(36,48.755284462512826)(37,61.511818193336374)(38,40.05750226612373)(39,41.077924225948465)(40,56.66857896386458)(41,44.535028245224886)(42,49.285325323723036)(43,41.622448578596206)(44,45.71996692637549)(45,38.26015623623461)(46,30.335514524403482)(47,35.86853961763387)(48,33.83683788666808)(49,28.559489113516694)(50,28.946251261130314)(51,25.540083653995538)(52,25.890810246289853)(53,23.433406599945553)(54,21.79297765463421)(55,20.990781104123172)(56,20.34767664496565)(57,18.264583571238248)(58,18.50194175544652)(59,18.10936779610951)(60,16.550066874646593)(61,16.02470316483608)(62,17.498953038057635)(63,16.446249965879087)(64,17.796817348723604)(65,16.886737928897652)(66,17.822807468879336)(67,881.2)(68,492.75735456741296)(69,387.2717220096212)(70,269.91732976160534)(71,242.771178709913)(72,207.41023221360933)(73,274.58167447947284)(74,229.46140484634236)(75,244.15300337001577)(76,159.69683827148484)(77,230.04244278892642)(78,181.9166792687777)(79,136.56195430480494)(80,102.63780655802526)(81,180.32376239833428)
