% MSE
(0,1140.298916314191)

(1,414.9230642960046)

(2,408.44716145550905)

(3,5076.222948832486)

(4,459.1557140181868)

(5,426.9969583163774)

(6,408.8919572649431)

(7,392.28429299793197)

(8,377.1279186154301)

(9,363.36579876732264)

(10,350.93090139921367)

(11,339.7476988658503)

(12,3534.1282718243096)

(13,577.0484231466264)

(14,543.7495320458962)

(15,520.513076712477)

(16,499.2988938093194)

(17,480.03203449385165)

(18,462.6218873488059)

(19,446.96388967038956)

(20,432.9417502855945)

(21,420.42994522601725)

(22,409.2964092846104)

(23,399.40533500499794)

(24,390.61998271290787)

(25,382.8054020303555)

(26,375.83096756030733)

(27,369.57263937465945)

(28,363.91487242419475)

(29,358.75211737538774)

(30,353.9898775455006)

(31,349.54531101488647)

(32,345.3473918030291)

(33,341.33666723097946)

(34,337.46466836130764)

(35,333.69304510477315)

(36,329.992506100206)

(37,326.3416453401287)

(38,322.72573296748703)

(39,319.1355376270684)

(40,315.5662336914174)

(41,312.016430413393)

(42,308.4873434910942)

(43,304.982114395269)

(44,301.50527045079156)

(45,298.06231011339503)

(46,294.6593971097679)

(47,291.30321846787245)

(48,288.0024457622313)

(49,284.8015753303225)

(50,282.57407723223906)

(51,282.4673481320691)

(52,8221.474545797277)

(53,543.5505003984338)

(54,501.7250859008764)

(55,482.489772476545)

(56,464.9378510333936)

(57,449.0066750990928)

(58,434.62084553520094)

(59,552.9671280561477)

(60,522.7192208233772)

(61,513.0933893255049)

(62,503.90614813552446)

(63,841.5250124274784)

(64,345.31433242123046)

(65,341.2655636302999)

(66,1336.4484021523658)

(67,539.6292264693145)

(68,528.8290092471673)

(69,520.6244200199844)

(70,512.8522069252533)

(71,505.49102293106387)

(72,498.515576001454)

(73,491.8970821969197)

(74,485.60385369437137)

(75,479.6019583901613)

(76,473.8559314002861)

(77,468.32951582260335)

(78,462.98640807670495)

(79,457.790982308135)

(80,452.70896889977234)

(81,447.70806414603226)

(82,442.7584515740135)

(83,437.83322007478927)

(84,432.90866964964033)

(85,427.96450178464)

(86,422.983897769799)

% MSE_test
(0,1236.6098668183402)(1,438.0727778698915)(2,439.53295620687896)(3,6080.607398234065)(4,397.5930098157775)(5,351.1509765976314)(6,344.8248958263281)(7,340.1886090154289)(8,337.0063511312201)(9,335.150758141004)(10,334.4784357833587)(11,334.83902545702125)(12,3471.6124578484887)(13,1088.9118023195658)(14,1070.041368774878)(15,1013.5660851345467)(16,960.4250301513998)(17,910.8420480689675)(18,864.7446351036197)(19,822.0497331316628)(20,782.6504066127936)(21,746.4202446349518)(22,713.2159408468983)(23,682.8805199779125)(24,655.2465754355431)(25,630.1395534936045)(26,607.380919448062)(27,586.7911276663016)(28,568.1922960489156)(29,551.4105270004687)(30,536.277827937086)(31,522.6336215678048)(32,510.3258530329684)(33,499.21173347531413)(34,489.1581674277026)(35,480.0419357092677)(36,471.74969118721344)(37,464.1778485248497)(38,457.23239112215504)(39,450.8286912270967)(40,444.891240621843)(41,439.35357551133706)(42,434.1576837543312)(43,429.2547578409665)(44,424.60178858237464)(45,420.1711284859413)(46,415.91534839501645)(47,411.89534856941873)(48,407.771384047463)(49,404.99792369166306)(50,397.99545684721164)(51,406.9868217863334)(52,9915.930746114274)(53,465.7326637620016)(54,394.97760730928536)(55,390.3252985961819)(56,387.6101662037058)(57,386.48019909777094)(58,386.775534174683)(59,503.2102122394881)(60,465.8668609657511)(61,465.0561876745885)(62,465.3279318471786)(63,877.5567865543858)(64,490.1555648891523)(65,491.93504657113243)(66,1512.331478969436)(67,913.7195680518364)(68,901.6479332068642)(69,876.6484716411755)(70,852.5826352538309)(71,829.5462963366334)(72,807.538352820992)(73,786.5548273377898)(74,766.5839457633127)(75,747.6071634028999)(76,729.5995548414918)(77,712.5304351171754)(78,696.3640070848226)(79,681.060068032042)(80,666.5747351849739)(81,652.8611802699639)(82,639.870351840307)(83,627.5516759971872)(84,615.8537246994933)(85,604.7248496922584)(86,594.1137799013319)

% MSSE
(0,1138.78)(1,393.8704103896817)(2,434.21783085587106)(3,6140.1)(4,458.65259399779245)(5,408.8706875836883)(6,321.17372962587376)(7,351.0765256997288)(8,266.44941842961384)(9,294.47871587922253)(10,258.89280577878026)(11,233.38475698878602)(12,3776.61)(13,575.158706052775)(14,566.9856109592196)(15,412.93875545756265)(16,694.193046736796)(17,574.3520178236074)(18,736.0955008277447)(19,498.38158404298815)(20,548.9518670866224)(21,464.66332924830016)(22,359.92927777571504)(23,317.2031985580049)(24,520.626892034092)(25,162.58268684871385)(26,318.684833320889)(27,420.329639913885)(28,177.46369521216465)(29,516.9785172740857)(30,226.94832313921347)(31,325.43186091092264)(32,363.84263673612907)(33,285.43683774077005)(34,192.58286980215803)(35,268.8844093686438)(36,136.0633879525254)(37,135.18854841772935)(38,197.503568962911)(39,274.4731395359041)(40,106.08704838730863)(41,128.90621998024196)(42,165.84419944376455)(43,121.9350682899704)(44,170.40381675647677)(45,140.434045400392)(46,177.95889419622728)(47,114.91153971024954)(48,164.69634510815828)(49,112.08685852959675)(50,102.79798020341146)(51,82.88014308011532)(52,10053.32)(53,868.5408447441134)(54,622.5714112462379)(55,792.4093725004145)(56,713.5267856036605)(57,879.4416575704101)(58,460.52214504089227)(59,1170.35)(60,852.6946287459926)(61,1279.9789401461933)(62,1153.4144684000748)(63,680.9)(64,417.76943118576423)(65,323.40895056623884)(66,1808.07)(67,1080.7689717091337)(68,773.5859642755538)(69,934.0360842681247)(70,1185.1962471287034)(71,750.9797585496221)(72,754.9976681959928)(73,1042.676665769041)(74,1193.4092467511707)(75,870.373897621916)(76,845.8634357184176)(77,1036.0822269508963)(78,986.4961612401218)(79,741.4546774753502)(80,595.9774361897959)(81,636.079583319824)(82,850.8587410833466)(83,756.8328033887817)(84,956.7273816543341)(85,882.357099753787)(86,454.20657041088197)
