% MSE
(0,8736.323194853258)

(1,2882.7181088788184)

(2,2591.7282252876976)

(3,5154.472007739067)

(4,2730.128232987048)

(5,2601.405100592972)

(6,8149.2266533765805)

(7,2964.1301457593354)

(8,2687.8280374195483)

(9,9889.7665694895)

(10,3952.4974492711913)

(11,3563.375855964874)

(12,8440.559918234256)

(13,3653.5507999242213)

(14,3334.5968039876852)

(15,4390.432530324582)

(16,2868.58571569376)

(17,2746.526101533573)

(18,2453.655511325509)

(19,2382.7556371908054)

(20,34603.83011424146)

(21,5192.770711545102)

(22,3703.6270888245394)

(23,3439.9385061643534)

(24,3275.4832307977526)

(25,3133.9855012118164)

(26,3007.42653947084)

(27,2894.1596806274315)

(28,2793.293193818242)

(29,2704.0112259379694)

(30,2625.4794381673405)

(31,2556.8398688544894)

(32,2497.222544636371)

(33,2445.7606041122526)

(34,2401.606363571229)

(35,2363.9496134987003)

(36,2332.0465833942626)

(37,2305.2956928512403)

(38,2283.522510730401)

(39,7773.982898292523)

(40,3540.6899978091697)

(41,3245.368320037943)

(42,28063.811950031595)

(43,4635.706432837072)

(44,3482.237687142417)

(45,3300.8209413667296)

(46,3193.0981672107196)

(47,7481.427976409075)

(48,3430.0169402222186)

(49,3170.71169509973)

(50,12143.735209999608)

(51,3790.872550131889)

(52,3331.988153569101)

(53,8555.759221758079)

(54,3129.733610709644)

(55,2849.231293150123)

(56,44317.12756286756)

(57,4543.559783058928)

(58,2723.5202300382766)

(59,2553.423658430014)

(60,2502.062745869222)

(61,8738.111784758203)

(62,3251.8770246137865)

(63,2957.2641453853616)

(64,8745.454075462183)

(65,3464.662036508893)

(66,3142.2246032813246)

(67,10243.463144876607)

(68,2973.3611984583463)

(69,2619.9408582538226)

(70,18336.002543227347)

(71,3445.4067833117106)

(72,2742.641862269979)

(73,2656.7978459997466)

(74,2615.5896556322955)

(75,3138.761417306695)

(76,2722.351450238219)

(77,2654.18247352583)

(78,23062.925565535337)

(79,4007.5415292452008)

(80,3059.1644716517976)

(81,2903.786565966797)

(82,2811.05081652364)

(83,2731.5584738280895)

(84,2660.1910149125406)

(85,2595.9729003406637)

(86,2538.4266544937054)

(87,2487.1304191420045)

(88,2441.6546201666365)

(89,2401.556483469537)

(90,2366.3854678854595)

(91,2335.691102307424)

(92,2309.031624538585)

(93,2285.9843116766774)

(94,2266.1630142228514)

(95,13727.541375590738)

(96,4216.860225961098)

(97,3683.836655441891)

(98,36679.011259815874)

(99,4936.017997831885)

(100,3402.1365661250047)

(101,3187.6682861982213)

% MSE_test
(0,10480.615177706413)(1,2691.120958218003)(2,2855.0366572858566)(3,6029.992906748033)(4,2242.290333159122)(5,2440.4319000268115)(6,10439.414008670048)(7,3153.933491035538)(8,3344.0467340731648)(9,11791.663884061421)(10,3925.7219958408846)(11,3996.5993342661623)(12,10470.552179850432)(13,3870.676442669823)(14,3960.6918064936845)(15,5440.8404442792225)(16,3034.214340722584)(17,3109.5438701602366)(18,2765.019079749769)(19,2869.194113556459)(20,39852.94109960691)(21,4811.708697993624)(22,4631.469094699075)(23,3981.3975764463758)(24,3931.405988318175)(25,3718.1747529668737)(26,3600.57483188403)(27,3453.2783790662397)(28,3342.9676820110394)(29,3226.547462674195)(30,3133.7984853665876)(31,3039.313572691548)(32,2964.860173220419)(33,2886.984964378382)(34,2830.5109788915815)(35,2763.2900727290526)(36,2727.405425169109)(37,2659.2053306699618)(38,2660.5813725038665)(39,9095.285825974517)(40,3487.697968665478)(41,3542.8007725872894)(42,31532.540338819228)(43,3706.1029927803556)(44,3630.2120266233214)(45,3173.950005336546)(46,3193.186994247661)(47,8519.75902843042)(48,2934.8296359645287)(49,3057.566951808085)(50,15361.538394136564)(51,4118.327037476323)(52,4274.59540174113)(53,10548.199226615709)(54,3059.1442150592675)(55,3247.936626208832)(56,49273.19424815634)(57,3724.8903994589905)(58,3288.5457584818964)(59,2718.1478637282653)(60,2797.281760386127)(61,10694.902521673037)(62,3367.715454395689)(63,3501.557011613396)(64,10201.452503445067)(65,3396.2311902310776)(66,3442.5245045232573)(67,11708.201746196237)(68,2705.213776539842)(69,2777.7412863791883)(70,20230.94104367615)(71,2560.7148320167885)(72,2551.0177213445872)(73,2293.8373005940284)(74,2342.2980069916557)(75,3716.4563161118367)(76,2861.836519393216)(77,2896.7113492705994)(78,24936.08984791427)(79,3444.358608436513)(80,3116.5809907579624)(81,2789.218830554145)(82,2769.237032003598)(83,2669.7908122092404)(84,2621.9947101375624)(85,2559.1119344881213)(86,2517.6703589882272)(87,2473.005630989968)(88,2442.504184277745)(89,2410.6388821758715)(90,2390.887416939984)(91,2368.109102997244)(92,2358.542522085616)(93,2340.471571603588)(94,2342.7778455904104)(95,15758.292664480463)(96,3497.8044119087003)(97,3636.1869569755)(98,39995.95287885118)(99,4634.492414766985)(100,4021.096481502078)(101,3548.3841134080794)

% MSSE
(0,7376.73)(1,1301.2823582038511)(2,1015.5836448083942)(3,3183.17)(4,979.5855843761598)(5,1139.0091246650763)(6,6672.83)(7,1187.881598008281)(8,798.1529512118872)(9,8232.24)(10,3655.7058891616407)(11,3521.0939470514086)(12,8529.28)(13,3571.7138602591863)(14,2678.684620207672)(15,3800.87)(16,2670.9802326461)(17,2487.2320336213834)(18,654.03)(19,523.2648347969392)(20,30838.08)(21,3822.62394810433)(22,2617.494559127637)(23,2309.512857184625)(24,2099.68155000162)(25,1590.5414529945006)(26,1546.3199286627414)(27,1334.7835169182529)(28,1190.9390920650767)(29,991.1706086752612)(30,962.1956548378238)(31,688.277935494393)(32,469.81987336950226)(33,442.61308611721006)(34,397.10717331667746)(35,354.07839420983726)(36,369.03642783947805)(37,251.55027380853957)(38,230.73022345465495)(39,7685.89)(40,2613.1600108367184)(41,2114.3133404659798)(42,29251.77)(43,2704.857676033506)(44,2348.3787169338016)(45,1614.8218113619535)(46,1364.6833695580372)(47,5078.7)(48,1750.1419779069402)(49,1568.824410115202)(50,11681.43)(51,3891.8263714582636)(52,2970.84822259837)(53,8075.7)(54,1942.2012803688492)(55,953.3766039325436)(56,45205.02)(57,2683.7234762683156)(58,797.410003622431)(59,516.9203168785934)(60,496.87751134625694)(61,7285.95)(62,2255.309147403166)(63,1377.1061897780276)(64,9581.38)(65,3380.9578441627737)(66,2360.4083945353646)(67,8667.12)(68,1354.148320695054)(69,1431.57407795305)(70,17501.41)(71,1803.5692176603034)(72,1459.8934964761706)(73,1727.3266348094198)(74,909.6728664270113)(75,2084.51)(76,1522.8564517385416)(77,1340.7447058769662)(78,21477.81)(79,3188.5781421288393)(80,1787.6971217869984)(81,1666.7107441036442)(82,1145.3865591189992)(83,1299.1719394153704)(84,927.4711524651501)(85,889.004170187235)(86,841.3020934659602)(87,729.7890597528904)(88,462.976708051503)(89,390.80204014604425)(90,420.13049865839787)(91,287.04532476088133)(92,322.9313748093719)(93,278.4957577917144)(94,201.26035776519265)(95,12127.47)(96,4853.350341903631)(97,4231.521947331896)(98,32414.96)(99,4471.810782372478)(100,3198.820411032561)(101,1977.9186341052866)
