% MSE
(0,1142.5044786652563)

(1,309.9216786155408)

(2,229.44566822361833)

(3,211.00952217054424)

(4,196.9159512135346)

(5,183.55477953938092)

(6,170.7913306776111)

(7,158.64472474590926)

(8,147.13398863686285)

(9,136.27320801656052)

(10,126.07124845999404)

(11,116.53164585541212)

(12,107.65260019614226)

(13,99.42707725104783)

(14,91.8430195363679)

(15,84.8836639924631)

(16,78.52795947827367)

(17,72.75107285376741)

(18,67.5249682841281)

(19,62.819040751478724)

(20,58.600781887730804)

(21,10569.810611752497)

(22,1188.5646596029521)

(23,408.9074115130751)

(24,334.68688122468956)

(25,305.3912450375592)

(26,279.40722740939293)

(27,254.92297895260788)

(28,231.92479823946675)

(29,210.43966416569677)

(30,190.48248602601547)

(31,172.05489704412074)

(32,155.14515420827365)

(33,139.72831781671)

(34,125.7667157579835)

(35,113.21069384122346)

(36,101.9996428198793)

(37,92.06328137492079)

(38,83.32316281431568)

(39,75.69436227438334)

(40,69.08729151132549)

(41,63.40958070036154)

(42,58.56796172210834)

(43,54.47008580109405)

(44,944.5464320663655)

(45,758.1561825354439)

(46,697.4733073667674)

(47,648.5839458662234)

(48,602.066041572244)

(49,557.4248570676023)

(50,514.7277952004296)

(51,474.05416034832774)

(52,435.46859235523556)

(53,399.01935312780614)

(54,364.7376290615734)

(55,332.6371546132236)

(56,302.7141711875479)

(57,274.9477378192708)

(58,249.30039855932412)

(59,225.7191983755442)

(60,204.13702539326925)

(61,184.4742431470857)

(62,166.6405630331218)

(63,150.5370952639075)

(64,136.05850727209466)

(65,123.09521255657388)

(66,111.53551112933863)

(67,101.26760546910695)

(68,92.18142335066894)

(69,84.1701908351576)

(70,77.13171439196513)

(71,125.41219436283332)

(72,90.09716618751953)

(73,83.80845977755803)

(74,80.030257529512)

(75,76.55225359561817)

(76,73.24211183979756)

(77,70.0999986023261)

(78,67.13080923581386)

(79,64.33817268853869)

(80,61.724205156970605)

(81,59.289462809842746)

(82,57.03292707668397)

(83,54.952021922181395)

% MSE_test
(0,984.8879147328029)(1,169.26957324265993)(2,97.79263230522999)(3,85.23910554899504)(4,76.18915700147578)(5,67.78100790460252)(6,60.06605684414331)(7,53.08576098449947)(8,46.842498601758145)(9,41.32535169628361)(10,36.51556155493276)(11,32.38737242987641)(12,28.908440824579365)(13,26.04038012632807)(14,23.739467470182746)(15,21.95749940057941)(16,20.6427765027256)(17,19.7411901613351)(18,19.19737831261472)(19,18.95591185192517)(20,18.96246974092191)(21,10616.98705327709)(22,1122.6115475008198)(23,316.92109760939815)(24,236.66470707282764)(25,206.13274411012932)(26,180.30235531210568)(27,156.68465573013685)(28,135.14406967306013)(29,115.67018461232506)(30,98.2443093961048)(31,82.82874173304852)(32,69.36640462097692)(33,57.78159660722719)(34,47.981206314023005)(35,39.85636792017307)(36,33.28453201943064)(37,28.13190780942212)(38,24.256214061701485)(39,21.509659089795154)(40,19.742055097221886)(41,18.8039611045979)(42,18.549742247504987)(43,18.84043254209723)(44,588.1135438283555)(45,412.46116054719613)(46,362.20170551337804)(47,323.74748781075544)(48,288.0306859474467)(49,254.68941204077277)(50,223.79938705649636)(51,195.39874419653728)(52,169.49255393213684)(53,146.0605034116832)(54,125.05868795891087)(55,106.42035064490247)(56,90.05693706204214)(57,75.85967046527432)(58,63.70164302734513)(59,53.44038435446889)(60,44.920846187904004)(61,37.97872027363858)(62,32.443986510837284)(63,28.144572161521246)(64,24.909991625657373)(65,22.57483138859589)(66,20.98194725727417)(67,19.985251481166642)(68,19.451985779222017)(69,19.264401961227748)(70,19.320803331138713)(71,109.30818184454033)(72,76.37029747963476)(73,69.49461437605416)(74,64.35116332932061)(75,59.406676101486745)(76,54.709542522934385)(77,50.30207183634333)(78,46.1984861825766)(79,42.404785536628204)(80,38.92349401540129)(81,35.75429988295683)(82,32.894091510316166)(83,30.336985769791653)

% MSSE
(0,890.01)(1,107.41448154153385)(2,19.845277954340162)(3,81.20470395396535)(4,179.49614445627014)(5,158.4202950940747)(6,46.2707452157771)(7,31.276075693417166)(8,84.55621016999623)(9,80.69404879351455)(10,76.20258385978723)(11,128.04576699914875)(12,77.30777796283017)(13,25.083723274814414)(14,20.39770796320278)(15,42.08392715124424)(16,46.044395388749464)(17,42.16705562073084)(18,54.27267115703344)(19,20.12601268019935)(20,31.729690746304883)(21,10268.15)(22,765.6650622448703)(23,537.6758190132387)(24,241.68003277286715)(25,270.98277722551086)(26,359.15238575256683)(27,194.5446633791791)(28,197.28171235460692)(29,23.14320420774795)(30,126.7825569521068)(31,191.80568065864674)(32,117.07800670801018)(33,104.11034613117005)(34,104.75007184459068)(35,65.23331288474337)(36,156.07979033768382)(37,16.990357855831093)(38,4.22570752117095)(39,60.761174324207566)(40,3.3085383749829935)(41,83.7960358002452)(42,30.18053076241233)(43,3.952937939694)(44,283.84)(45,513.5903068538577)(46,336.97523313301053)(47,283.48080330172456)(48,518.4299385841977)(49,415.4557489641951)(50,235.95969921296245)(51,484.1740343589638)(52,658.2383263501481)(53,209.27500513394617)(54,227.72280971878084)(55,100.64529518614701)(56,186.0349176195183)(57,96.55167436780799)(58,141.9946343644511)(59,91.42116743707376)(60,101.49666183296428)(61,120.31858070249115)(62,168.88862645068747)(63,9.460075915194663)(64,61.36538669549375)(65,46.249652484560535)(66,20.762892460924924)(67,3.879068939808991)(68,14.76316093564771)(69,42.750452740193715)(70,56.474532126145405)(71,77.65)(72,38.16828929456769)(73,28.1436906309128)(74,22.56573719587415)(75,56.44814090246541)(76,19.21603058806693)(77,12.884218662172259)(78,9.83967730809251)(79,7.824352969885635)(80,10.37049746625957)(81,9.177176109381334)(82,7.067145087915609)(83,12.200705123935343)
