% MSE
(0,63.15453998518427)

(1,60.963338411217485)

(2,60.00589101332646)

(3,59.531569862782796)

(4,59.23051025846804)

(5,58.98325243308952)

(6,58.74697312827044)

(7,58.50742060870867)

(8,58.260146369856386)

(9,58.003777196180145)

(10,57.73781843499104)

(11,57.46200713664604)

(12,57.17614290077086)

(13,56.880050140097694)

(14,56.57357230760242)

(15,56.256572983267496)

(16,55.92893832692994)

(17,55.590579869517285)

(18,55.241437477117046)

(19,54.88148245865696)

(20,54.510720802756104)

(21,54.12919652729004)

(22,53.73699512099283)

(23,53.33424705158141)

(24,52.921131309569766)

(25,52.497878951159535)

(26,52.06477659738577)

(27,51.62216984011019)

(28,51.17046649857028)

(29,50.710139663106695)

(30,50.24173045554363)

(31,49.76585042865177)

(32,49.283183520393294)

(33,48.794487472479375)

(34,48.30059461745487)

(35,47.80241193440477)

(36,47.30092027082842)

(37,46.79717262767132)

(38,46.29229140640047)

(39,45.78746452182662)

(40,45.28394029261258)

(41,44.78302103353545)

(42,44.286055290036884)

(43,43.79442867679246)

(44,43.30955330823667)

(45,42.83285584035099)

(46,42.36576417952719)

(47,41.90969295569644)

(48,41.46602790262948)

(49,41.03610933750436)

(50,40.62121498329066)

(51,40.22254242958659)

(52,39.841191578269324)

(53,39.47814746725921)

(54,39.13426390610965)

(55,38.81024838797867)

(56,38.50664876064066)

(57,38.22384214140385)

(58,37.96202654504348)

(59,37.721215687562406)

(60,37.50123854903777)

(61,37.30179422541623)

(62,1137.231075753925)

(63,480.1207996708288)

(64,229.7759849359717)

(65,140.33808171769027)

(66,110.36122777503682)

(67,100.78379941798511)

(68,97.65261747921679)

(69,96.37437452536777)

(70,476.8759232754196)

(71,247.66038797507363)

(72,160.03326205415985)

(73,128.40316833032384)

(74,117.45315184633093)

(75,113.58410096389267)

(76,111.9379201223195)

(77,110.91497904352381)

(78,110.03319781140576)

(79,109.1604676643381)

(80,108.26389706128788)

(81,107.335822647475)

(82,106.37429144744891)

% MSE_test
(0,15.887194621190563)(1,12.315602394804676)(2,10.561354138381436)(3,9.681561788676923)(4,9.230731834146393)(5,8.996501484790471)(6,8.874558715594029)(7,8.811518400392735)(8,8.779106009750473)(9,8.762153828774146)(10,8.75263163856826)(11,8.74643775660286)(12,8.741586060137301)(13,8.737177275074078)(14,8.732835152091697)(15,8.728415830510272)(16,8.723869533884432)(17,8.719180762019375)(18,8.71434518366713)(19,8.709361834691487)(20,8.704230896282517)(21,8.69895320477933)(22,8.693530201796223)(23,8.687963970931428)(24,8.682257286382995)(25,8.67641366222934)(26,8.670437400937242)(27,8.664333640378548)(28,8.658108398541868)(29,8.651768615026176)(30,8.645322188301114)(31,8.638778007620155)(32,8.632145978378109)(33,8.625437039618467)(34,8.61866317232339)(35,8.611837397062912)(36,8.60497375954829)(37,8.598087302630578)(38,8.591194023318504)(39,8.584310813464969)(40,8.577455382894419)(41,8.570646163928949)(42,8.563902196506964)(43,8.557242993413283)(44,8.550688385500717)(45,8.544258347287712)(46,8.53797280374954)(47,8.531851419949634)(48,8.525913375260128)(49,8.520177126116208)(50,8.514660157764135)(51,8.509378739158606)(52,8.504347653342968)(53,8.499580026147934)(54,8.49508681210298)(55,8.490877769719578)(56,8.486955990663773)(57,8.483342811595515)(58,8.479951386383693)(59,8.477263021750515)(60,8.472483502877534)(61,8.48278859556646)(62,969.0318905822992)(63,340.8711831087023)(64,110.51376910328561)(65,34.11211970086899)(66,12.291821970797987)(67,7.686730086296699)(68,7.574915798794426)(69,8.187088118432728)(70,431.8618456520841)(71,178.3171196154886)(72,76.0021560855024)(73,35.8259798254934)(74,20.188555670951917)(75,14.005328873812037)(76,11.465486400807672)(77,10.37363762021593)(78,9.887952665968891)(79,9.668307867079905)(80,9.567542516088547)(81,9.51885173510948)(82,9.491737076231075)

% MSSE
(0,81.32)(1,50.44402965626392)(2,26.233164174814966)(3,19.593159490623776)(4,128.03460502080262)(5,64.38661175917966)(6,46.67021641225711)(7,6.891243372657596)(8,40.300573210629956)(9,28.588120237371474)(10,9.271426242360006)(11,17.39607386187123)(12,93.4628621617908)(13,42.869151422678605)(14,57.70179798088484)(15,46.53253552968038)(16,58.32359285977238)(17,23.17682609449577)(18,53.97199916322848)(19,38.821421784645224)(20,33.53164179464736)(21,19.123950937597517)(22,49.75992280994206)(23,20.602055650357666)(24,49.56789204826687)(25,31.94627104618523)(26,43.00047785381801)(27,1.181711675790542)(28,38.74215042792419)(29,15.757512172322143)(30,59.48965255101937)(31,26.712535778314223)(32,4.462675841430103)(33,29.732488236495218)(34,13.268096846997961)(35,16.995279985832322)(36,30.40741881874726)(37,10.313339947096098)(38,21.394853954904026)(39,27.30520677210443)(40,17.090858459945572)(41,6.337806865927075)(42,3.115881323075211)(43,0.880027475681141)(44,20.374551022338654)(45,21.108711950343988)(46,1.696513376314071)(47,0.7951157361396198)(48,12.33328809104856)(49,9.243665263726426)(50,19.300101857613114)(51,6.236686094242358)(52,14.06531140687154)(53,5.658559891564629)(54,6.30166707460266)(55,2.9335243627642735)(56,5.090716411882954)(57,7.065334719037903)(58,5.157323379142838)(59,1.9173099875516124)(60,0.8041330169048788)(61,3.0028232217390847)(62,972.55)(63,577.9537892915231)(64,242.49528816605954)(65,179.53033663829927)(66,92.4530826110884)(67,234.7664617728398)(68,130.1467886350688)(69,20.880830816866734)(70,611.44)(71,370.56237984119355)(72,200.87773962972616)(73,302.7991972263325)(74,156.40464554522265)(75,246.7823373973239)(76,6.503565895705237)(77,77.21955310695307)(78,145.76169556169515)(79,283.782209046961)(80,92.346033765311)(81,72.27372148497786)(82,139.40012354462112)
