% MSE
(0,3131.4701592636106)

(1,1437.629300080052)

(2,1085.457910754916)

(3,921.4896600798901)

(4,801.0439822149998)

(5,705.0243358706193)

(6,627.6860333688361)

(7,565.1192862292935)

(8,514.2403283397933)

(9,472.6228572772177)

(10,438.3810394465066)

(11,410.06214162599724)

(12,386.55099722195854)

(13,366.98871663390287)

(14,350.7065095953844)

(15,337.174146257562)

(16,325.9615861643597)

(17,316.7116887793911)

(18,309.12166798193493)

(19,302.9310042800325)

(20,297.91379477592875)

(21,293.8739077963705)

(22,290.6417319179682)

(23,288.0717038308423)

(24,286.0401269290364)

(25,16280.799356747879)

(26,2641.19504954823)

(27,983.7105639791704)

(28,747.3812308798964)

(29,658.7220396865235)

(30,592.2498424477649)

(31,536.7988598462907)

(32,490.2538598346763)

(33,451.246471634937)

(34,418.6425668210156)

(35,391.488442641671)

(36,368.9781888949939)

(37,350.42566285931764)

(38,335.24129188392175)

(39,322.91379913817013)

(40,312.9964956165059)

(41,305.09745798084117)

(42,298.8727346009839)

(43,294.0216823582222)

(44,290.2836090402771)

(45,287.4350452416052)

(46,285.2871576883566)

(47,5954.747040701056)

(48,3005.2245379215924)

(49,2278.1277677166804)

(50,1884.9169905270212)

(51,1584.9535530025787)

(52,1343.2860271053196)

(53,1147.3423204791325)

(54,988.0681756396602)

(55,858.2169449408069)

(56,752.0087868159524)

(57,664.8754653255346)

(58,593.2255779757975)

(59,534.2361219994974)

(60,485.67559858505865)

(61,445.7603741551899)

(62,413.04303258438983)

(63,386.3292546031187)

(64,364.6184346411325)

(65,347.0627469079745)

(66,332.9395578815081)

(67,321.6327488180318)

(68,312.61944135645433)

(69,305.45961609933084)

(70,299.787030075912)

(71,295.3005837835342)

(72,291.7558261135102)

(73,288.95662224848996)

(74,286.74717838566914)

(75,285.0046622596018)

(76,283.6326246037446)

(77,282.55535219473126)

(78,281.71319698777523)

(79,281.0588475403931)

(80,280.5544494424704)

(81,280.16944503166764)

(82,279.8789884846996)

% MSE_test
(0,2963.729228864731)(1,1116.8666590742203)(2,783.3643368899744)(3,636.7795221585488)(4,525.9225685266175)(5,436.689658950312)(6,365.7606791453579)(7,310.0240263145341)(8,266.5704584979198)(9,232.91888002792416)(10,207.0349685302134)(11,187.2775171620906)(12,172.33256953538904)(13,161.15229966158205)(14,152.90242687291754)(15,146.91864593862968)(16,142.67156142912896)(17,139.73912290952464)(18,137.78530442789364)(19,136.54371712720757)(20,135.8049383374627)(21,135.4065278495504)(22,135.22492992060768)(23,135.16868640675898)(24,135.17258465762592)(25,19492.348493662943)(26,3011.932666797565)(27,978.618015632827)(28,676.5918725203729)(29,559.1208364969464)(30,470.8349181679684)(31,397.6581476740755)(32,337.0557912728988)(33,287.32219354398177)(34,246.92499627313663)(35,214.49322166189083)(36,188.81342221124373)(37,168.81576807235825)(38,153.55879052255747)(39,142.21581515595236)(40,134.0634905214908)(41,128.47221285042)(42,124.89808055765138)(43,122.87594321885149)(44,122.01311406259582)(45,121.983376799673)(46,122.52101598698913)(47,6539.613928976343)(48,3066.0952418467773)(49,2237.2027087623733)(50,1795.6253017123574)(51,1457.2259124638804)(52,1183.749052479404)(53,962.7705336337074)(54,785.1043334071079)(55,642.9751127040529)(56,529.8359361760981)(57,440.2378430539019)(58,369.68098029289945)(59,314.4670294571192)(60,271.56481011007025)(61,238.4934632990646)(62,213.22409958974535)(63,194.09900222113578)(64,179.766398113856)(65,169.12824279717682)(66,161.29833407534213)(67,155.5682662463982)(68,151.3791390408403)(69,148.2974278338521)(70,145.9939114863453)(71,144.22497858097012)(72,142.81595853029313)(73,141.64634210559754)(74,140.6368746110237)(75,139.73854266757664)(76,138.9234554271204)(77,138.17756662847324)(78,137.49511663634453)(79,136.87461076052782)(80,136.3161037010667)(81,135.8195361258449)(82,135.38386895215302)

% MSSE
(0,2638.87)(1,790.92525768474)(2,563.7240727913027)(3,602.2150840995396)(4,444.3459016901044)(5,368.2934917367691)(6,279.87666676925113)(7,184.26369768825276)(8,191.38245159530535)(9,83.87976520033396)(10,109.32706853490656)(11,60.29521682274863)(12,78.5179533646826)(13,93.60737175618901)(14,76.81471931555974)(15,47.98070897987449)(16,51.79966791890933)(17,22.551966394003706)(18,28.825287244829354)(19,21.988054742510748)(20,23.799701545034868)(21,24.874961347065504)(22,8.920503893350576)(23,11.782598398106812)(24,26.914085877849324)(25,16481.0)(26,1816.2968423897044)(27,571.2314563443427)(28,374.72247334852005)(29,399.888098082456)(30,289.88236062450716)(31,228.0916597145516)(32,193.9922065890011)(33,162.74605245646129)(34,121.15532688901087)(35,92.01194336152976)(36,83.91629275189794)(37,79.14039340531629)(38,64.39190092910187)(39,58.32970306952861)(40,35.1821106286705)(41,38.960695231095116)(42,27.282186541724865)(43,35.944645879494495)(44,28.445899522132603)(45,26.96395639417111)(46,26.481637961437315)(47,5311.77)(48,2200.6891008024504)(49,1565.4948325434539)(50,1677.0297073639015)(51,1423.869221516394)(52,968.1063609160476)(53,898.2603222208126)(54,576.6721136133626)(55,670.9473209520364)(56,420.5552671570993)(57,312.04500972436483)(58,305.07408629636524)(59,210.10432188471663)(60,239.62932917749833)(61,175.3901318707308)(62,134.34162107047501)(63,125.63064817232149)(64,109.60364470371717)(65,58.17057554283039)(66,85.93022977463028)(67,48.455772892187134)(68,45.14533989347086)(69,28.717074647240246)(70,33.54703777191736)(71,22.91355572938486)(72,28.878040835342357)(73,31.69145719930449)(74,25.637404446069244)(75,29.87827903282331)(76,22.15533050751484)(77,22.39385994629695)(78,31.508748069808888)(79,29.49381703402597)(80,22.78288655235471)(81,22.881489173939134)(82,27.875215136601977)
