% MSE
(0,3683.3780024842513)

(1,2852.5420613970323)

(2,2526.7953071041893)

(3,2298.712966844519)

(4,2136.75540544571)

(5,2023.5610565272877)

(6,1945.7816759541042)

(7,1893.1474991382443)

(8,1857.9404511673602)

(9,1834.5131898328546)

(10,1818.8492590271685)

(11,1808.1764140504881)

(12,1800.6405704851818)

(13,1795.0420135069028)

(14,1790.630645435995)

(15,1786.9536148705954)

(16,1783.746738471407)

(17,1780.8605528034554)

(18,1778.212349599666)

(19,1775.7569252928442)

(20,1773.471402394812)

(21,1771.3575808012824)

(22,1769.5089983689247)

(23,6615.160440408346)

(24,3882.5947312054386)

(25,3233.3981817548593)

(26,2800.752122222713)

(27,2494.3855980359135)

(28,2280.085462767692)

(29,2132.593489356409)

(30,2032.5519939244998)

(31,1965.4199496155852)

(32,1920.5578119539482)

(33,1890.3977333465089)

(34,1869.7149704328108)

(35,1855.013672686981)

(36,1844.0300042236702)

(37,1835.3465043705355)

(38,1828.1051437909298)

(39,1821.8029043515432)

(40,1816.1526613462902)

(41,1810.9932499790284)

(42,1806.235815144229)

(43,17594.98010659996)

(44,3878.116243796642)

(45,3007.041453099267)

(46,2632.347226807172)

(47,2376.6646327817302)

(48,2197.3728609355826)

(49,2072.864228679511)

(50,1987.3194150578508)

(51,1928.9262794708252)

(52,1889.0473527179363)

(53,1861.534846691054)

(54,1842.1378155715506)

(55,1828.0037965256067)

(56,1817.2760272226878)

(57,1808.7810569998874)

(58,1801.796547211412)

(59,1795.886227880701)

(60,1790.7884351712587)

(61,1786.346845758523)

(62,1782.4807685709486)

(63,1779.2311049370753)

(64,1777.1319467536935)

(65,9950.836334589525)

(66,4213.841710077851)

(67,3380.0928833995576)

(68,2872.6676252893667)

(69,2518.1450738992244)

(70,2272.677858286095)

(71,2106.0434825098805)

(72,1995.2420687113)

(73,1923.0141274942375)

(74,1876.73537832175)

(75,1847.4298312692265)

(76,1828.9050047807527)

(77,1817.0230964019256)

(78,1809.1113259823433)

(79,1803.5041739890926)

(80,1799.202637509959)

(81,1795.6313512646338)

(82,1792.4732470427566)

(83,1789.563019787145)

% MSE_test
(0,3405.4874708483408)(1,2801.38146913043)(2,2505.5753256525236)(3,2320.029799022826)(4,2186.9984147826167)(5,2095.691483148967)(6,2034.1149286343455)(7,1993.3069757576013)(8,1966.8945430204797)(9,1949.902841229624)(10,1939.1242868956097)(11,1932.1196662805285)(12,1927.5171846567391)(13,1924.2252630606436)(14,1921.8249538230275)(15,1919.7982992159532)(16,1918.2143507428518)(17,1916.6290102021276)(18,1915.5469139848017)(19,1914.0312200436872)(20,1913.7400014482503)(21,1911.4271751253752)(22,1914.066766015565)(23,6973.343446469352)(24,3721.458652430429)(25,3195.8840313450473)(26,2789.799251087786)(27,2512.366694784764)(28,2316.9035726932575)(29,2183.0351765974688)(30,2093.330988588095)(31,2034.1180488385796)(32,1996.1259290809528)(33,1971.946164039344)(34,1957.0777691552976)(35,1947.8384707612047)(36,1942.4197109168379)(37,1938.9908185915203)(38,1937.191619939547)(39,1935.803137477329)(40,1935.4811653452973)(41,1934.5197899797079)(42,1935.34941401242)(43,18731.155114438556)(44,3587.82187385116)(45,2953.142409445803)(46,2621.2247609915044)(47,2420.5425224602727)(48,2278.9892799457725)(49,2182.1939651714583)(50,2117.3857853084987)(51,2073.355852655171)(52,2044.1572451290112)(53,2023.7175402519752)(54,2009.5765089880515)(55,1998.616569442501)(56,1990.3681309416377)(57,1982.9697307172346)(58,1977.188912336823)(59,1971.1328675244213)(60,1966.9989438342718)(61,1961.1181506845242)(62,1959.5091637078974)(63,1951.3434380076194)(64,1958.5300003166676)(65,8727.939988696202)(66,4137.432760861618)(67,3239.566346888614)(68,2833.82515516824)(69,2526.7367429984665)(70,2321.5030296653217)(71,2182.343055053964)(72,2091.343823179799)(73,2033.2070832439952)(74,1996.84027774878)(75,1974.7986169685937)(76,1961.4390839702755)(77,1953.5947961752402)(78,1948.6215184767086)(79,1945.5914407568616)(80,1943.1244527566525)(81,1941.5284215330084)(82,1939.4651553694218)(83,1938.541191088656)

% MSSE
(0,2532.74)(1,2114.6108659322986)(2,1615.6206170257055)(3,1102.9293695527285)(4,774.1068392860129)(5,690.8332245665172)(6,481.2269771051986)(7,334.5045835505987)(8,338.0140844392325)(9,262.7037309576072)(10,211.48901281597625)(11,215.09732181848423)(12,175.32728777458024)(13,195.40066097401487)(14,187.48575075101166)(15,127.53011430611606)(16,117.6201562589968)(17,192.51919830041686)(18,143.40716036256106)(19,127.74442783265685)(20,142.5149722173947)(21,123.29864208741914)(22,115.85810069031331)(23,8292.37)(24,3837.6093773174853)(25,2835.796186240643)(26,1851.325189563006)(27,1647.291903627734)(28,1277.7361177470668)(29,852.3025121676936)(30,800.558542034776)(31,590.1708704156844)(32,426.43067730568566)(33,348.07742050862186)(34,400.9459444900445)(35,338.1113105488993)(36,201.13575972948794)(37,310.45502186760046)(38,277.362973009584)(39,243.84043943580434)(40,304.0553682506245)(41,248.79682061218944)(42,266.457231801059)(43,22732.38)(44,3084.81926942161)(45,2300.740618920458)(46,1433.7335220088507)(47,1176.4225312684116)(48,1024.7740286615583)(49,654.5248466957821)(50,608.6298484937514)(51,459.54725035071533)(52,334.1232334726035)(53,287.2903356615171)(54,338.53988118844836)(55,274.90885675842844)(56,218.05462961426946)(57,262.7621224747984)(58,194.45543572392347)(59,258.44915982490596)(60,206.19282087827065)(61,176.19238284829305)(62,155.52509890562172)(63,228.49817835934275)(64,134.4289820283759)(65,7417.19)(66,4782.672927311615)(67,2970.7085028901424)(68,2183.364381933122)(69,1413.9632134838334)(70,1003.8133120824241)(71,705.157511178272)(72,538.3994235711419)(73,412.029497282916)(74,347.5934479165073)(75,292.7197226291138)(76,268.3500601569529)(77,176.90086176117998)(78,257.5962527186802)(79,206.5935998724721)(80,182.27264961426317)(81,159.49782752757895)(82,155.36526794246848)(83,161.48302747509192)
