% MSE
(0,2660.7709341118284)

(1,1709.0609041704406)

(2,1395.013782124686)

(3,1185.0540101593845)

(4,1040.8494101389865)

(5,943.7969649334373)

(6,879.86661899298)

(7,838.6138540050856)

(8,812.4735370016213)

(9,796.1228102817223)

(10,785.9293465142805)

(11,779.4931240482892)

(12,775.2812872163953)

(13,772.3490333242086)

(14,770.1351145010286)

(15,768.3184127723522)

(16,766.7218150772197)

(17,765.2507808028239)

(18,763.8559986833619)

(19,762.5118585830322)

(20,761.2047188898745)

(21,759.9268811144003)

(22,758.6736797213835)

(23,757.4421562127025)

(24,756.2304777663797)

(25,755.0376750533243)

(26,753.8635019476386)

(27,752.7083347690296)

(28,751.573081316182)

(29,750.4590915249273)

(30,749.3680692031977)

(31,748.3019862976544)

(32,747.2630011809482)

(33,746.2533819497169)

(34,745.2754352066892)

(35,744.3314404309626)

(36,743.423589853461)

(37,742.5539337298933)

(38,741.7243309976907)

(39,740.9364055043052)

(40,740.1915092160087)

(41,739.4907200264817)

(42,738.8356189152013)

(43,738.2526302341441)

(44,738.178698026995)

(45,2635.7761098487)

(46,1393.9499433748172)

(47,1231.562300792772)

(48,1135.7328976674814)

(49,1067.355569528532)

(50,1018.4759789107751)

(51,983.386384074496)

(52,957.838666385967)

(53,938.754170746847)

(54,923.9644539382225)

(55,911.986836024029)

(56,901.8380678776873)

(57,892.885933442255)

(58,884.7359077693218)

(59,877.1482183233913)

(60,869.9797889076801)

(61,863.1454504405991)

(62,856.5932769425908)

(63,850.2897209433339)

(64,844.2111708486865)

(65,838.3394716215062)

(66,832.6597372371335)

(67,827.1593938594822)

(68,821.827826024255)

(69,816.6562809644038)

(70,811.6378562269206)

(71,806.7674897906279)

(72,802.0419197175307)

(73,797.4596026807366)

(74,793.0205902830643)

(75,788.7263659340412)

(76,784.5796466478484)

(77,780.5841549860343)

(78,776.7443670843652)

(79,773.0652434409077)

(80,769.5519498861346)

(81,766.2095768081925)

% MSE_test
(0,3487.9650064572465)(1,2125.769988024889)(2,1732.4288968730361)(3,1505.37430244264)(4,1356.2867364150402)(5,1258.3341385417484)(6,1195.3450530046498)(7,1155.7304565646416)(8,1131.2118663855272)(9,1116.0620163549936)(10,1106.464314515735)(11,1099.9816526190984)(12,1095.1342303157141)(13,1091.0780810523572)(14,1087.3709276658872)(15,1083.8094963459382)(16,1080.322131815051)(17,1076.9019009745618)(18,1073.5677011441276)(19,1070.3436056712496)(20,1067.249321441315)(21,1064.296905906487)(22,1061.49066459079)(23,1058.828418535002)(24,1056.3031675150107)(25,1053.9046835974623)(26,1051.6208541111887)(27,1049.438737277716)(28,1047.3453573244408)(29,1045.3282863516827)(30,1043.376060378025)(31,1041.4784675892838)(32,1039.6267376252395)(33,1037.8136473937373)(34,1036.0335628587309)(35,1034.2824019615457)(36,1032.5575989672132)(37,1030.8578293600874)(38,1029.1834117765663)(39,1027.5338659227234)(40,1025.9173240528553)(41,1024.3067284260292)(42,1022.8510659606444)(43,1020.8171607259642)(44,1022.1054864744992)(45,2824.627538614334)(46,1979.187706624248)(47,1849.6321709913761)(48,1737.2605177359671)(49,1648.994082010425)(50,1581.8483340029886)(51,1529.9582086946355)(52,1488.6516212977401)(53,1454.567617079246)(54,1425.3752108701754)(55,1399.5136241509206)(56,1375.9773414275815)(57,1354.1454168331663)(58,1333.6516250083262)(59,1314.2899792981852)(60,1295.9491505377846)(61,1278.569222944548)(62,1262.1147882314874)(63,1246.5593379723723)(64,1231.8770245281803)(65,1218.0389337967579)(66,1205.0119304420862)(67,1192.7588463759744)(68,1181.2392864173446)(69,1170.4106528302543)(70,1160.2291872847118)(71,1150.6509375883345)(72,1141.6326120232652)(73,1133.1323097198592)(74,1125.1101264842891)(75,1117.5286386314967)(76,1110.3532694106798)(77,1103.5525398170205)(78,1097.0982129351055)(79,1090.9653229016328)(80,1085.1321370323872)(81,1079.5799291191977)

% MSSE
(0,3811.53)(1,5813.377977302997)(2,5779.863914621313)(3,5848.061954848576)(4,5127.344365561175)(5,5624.196814705788)(6,6103.807061194638)(7,5904.426146763155)(8,5743.209936547155)(9,6404.313444195851)(10,5802.713734058562)(11,5776.725963185944)(12,6507.805018959809)(13,6457.043125978596)(14,6229.088723730751)(15,6099.466781351556)(16,6138.331140300289)(17,6477.649592004912)(18,6694.072664766173)(19,6532.125573227986)(20,6031.242362577112)(21,6462.004914190091)(22,6923.967783525207)(23,6340.878720041477)(24,6337.164313309788)(25,6187.686753428084)(26,6411.849641228839)(27,5774.407107505161)(28,6360.621983311258)(29,6519.976940121144)(30,6089.677523544564)(31,6448.967230793522)(32,6386.294997505038)(33,5863.391418567102)(34,6528.539815469149)(35,6560.572837960124)(36,6294.925675701779)(37,6270.8886137003265)(38,6068.499377374528)(39,6890.908251485397)(40,6325.03174687799)(41,6823.003372468858)(42,6548.825043800147)(43,6555.672287440831)(44,6938.53939224633)(45,10886.58)(46,6359.613970987244)(47,5728.902123822884)(48,5561.569941031506)(49,5213.725111477791)(50,6136.464080133139)(51,5968.75574258941)(52,5232.055040019208)(53,5569.570082365389)(54,5821.968535848207)(55,5592.5978556526825)(56,6222.152633675259)(57,6356.862885315363)(58,6151.353007237089)(59,6010.399758697212)(60,6033.509637419437)(61,6187.204609093872)(62,5453.508924405041)(63,5834.38639928556)(64,6064.613758404381)(65,6600.668313250946)(66,6228.862851597201)(67,6333.74010235459)(68,6034.387749829445)(69,5734.179538337956)(70,6548.100430612092)(71,6116.940745101007)(72,6267.316577424319)(73,6224.236526888633)(74,6135.6184811019475)(75,6154.368986190072)(76,6312.549231959919)(77,6335.592495120019)(78,6491.340727822027)(79,5885.576229093151)(80,5848.721212258646)(81,6050.085975334452)
