% MSE
(0,541.6926434789768)

(1,533.0180837194949)

(2,524.3318852653653)

(3,515.5988795070775)

(4,506.83366685223626)

(5,498.0554442985248)

(6,489.28460091453684)

(7,480.54243680639775)

(8,471.85103049539714)

(9,463.2330897144299)

(10,454.71177944822165)

(11,446.31052746565734)

(12,438.0528083263949)

(13,429.9619075290833)

(14,422.0606682212266)

(15,414.3712236974829)

(16,406.9147197529965)

(17,399.7110318039193)

(18,392.77848250455514)

(19,386.1335663393656)

(20,379.79068830248264)

(21,373.76192424730436)

(22,368.0568107419934)

(23,362.68217225153705)

(24,357.6419931359409)

(25,352.93734126777974)

(26,348.5663490043328)

(27,344.52425579121166)

(28,340.8035148395532)

(29,337.3939641477249)

(30,334.283059700684)

(31,331.45616607531906)

(32,328.8968970367936)

(33,326.58749618160584)

(34,324.5092454367199)

(35,322.6428874346855)

(36,320.9690466172611)

(37,319.4686335146814)

(38,318.12321710256793)

(39,316.91535149422293)

(40,315.82884545380006)

(41,314.84896621025746)

(42,313.96257263235844)

(43,313.1581767449053)

(44,312.4259365328036)

(45,311.75758667962003)

(46,311.1463170255743)

(47,310.5866110187492)

(48,310.0740649700823)

(49,309.60554168900006)

(50,555.0983439874078)

(51,547.4630835518271)

(52,539.8403339779093)

(53,532.157025126467)

(54,524.4210947725979)

(55,516.6471603081359)

(56,508.850989360822)

(57,501.049132545871)

(58,493.25881993110227)

(59,485.4978499996448)

(60,477.7844610465472)

(61,470.1371850698902)

(62,462.5746848999298)

(63,455.1155758444299)

(64,447.77823371420607)

(65,440.5805917204833)

(66,433.5399293882067)

(67,426.67265728534846)

(68,419.99410200064824)

(69,413.5182963792282)

(70,407.25778051100605)

(71,401.22341932122464)

(72,395.42424279470697)

(73,389.86731483494646)

(74,384.5576364788271)

(75,379.49808862693146)

(76,374.68941858804345)

(77,370.13027356849483)

(78,365.81728277453163)

(79,361.7451880719367)

(80,357.9070212182451)

(81,354.2943236294689)

% MSE_test
(0,598.2646524970041)(1,592.6214153845337)(2,587.127426376127)(3,581.63895020906)(4,576.1311806680912)(5,570.6068995857139)(6,565.076551025236)(7,559.5528593266849)(8,554.0494399907086)(9,548.5804616827273)(10,543.1605192368805)(11,537.8045254390047)(12,532.5275913426706)(13,527.3448930826614)(14,522.271526119408)(15,517.3223483198096)(16,512.5118137552016)(17,507.8537995933588)(18,503.36142895971386)(19,499.04689312433226)(20,494.9212768124369)(21,490.99439081152434)(22,487.2746163294151)(23,483.7687657160833)(24,480.4819641698098)(25,477.41755687976473)(26,474.5770456921819)(27,471.9600588129789)(28,469.56435627290307)(29,467.38587289125206)(30,465.41879930398983)(31,463.6557003098173)(32,462.08766838658096)(33,460.7045088072411)(34,459.4949514168976)(35,458.4468829049208)(36,457.54759240186473)(37,456.78402253328403)(38,456.1430177198538)(39,455.6115616214035)(40,455.17699601317923)(41,454.82721472423316)(42,454.5508257881465)(43,454.3372841479001)(44,454.176963545047)(45,454.0613130678602)(46,453.9823261164181)(47,453.935682867068)(48,453.90152264329515)(49,453.96843641173007)(50,597.5418941150099)(51,592.7940006960092)(52,587.7663211724253)(53,582.6030420547779)(54,577.3770819943953)(55,572.1169435495924)(56,566.8377019301842)(57,561.5517461883898)(58,556.2714696681343)(59,551.0097368720614)(60,545.7798805626154)(61,540.5956207130675)(62,535.470965476098)(63,530.4200994032267)(64,525.4572595597963)(65,520.596600506906)(66,515.8520495319195)(67,511.2371539384019)(68,506.76492264710873)(69,502.44766479578635)(70,498.29682843893954)(71,494.3228428182761)(72,490.53496797708164)(73,486.94115570287056)(74,483.5479258778668)(75,480.36026227308247)(76,477.3815316192388)(77,474.61342941179885)(78,472.05595535062287)(79,469.70742057883)(80,467.5644879831338)(81,465.6222457734574)

% MSSE
(0,425.86)(1,175.9620606927108)(2,266.007060284569)(3,312.2797626304903)(4,240.30251241649165)(5,183.45597559013248)(6,236.19620385983384)(7,308.96966778811526)(8,230.21694695988572)(9,185.0184265929053)(10,227.17945745499847)(11,285.5253942730944)(12,274.6893029040887)(13,197.99695939813037)(14,246.37889420488784)(15,186.71720149517384)(16,165.23546879670744)(17,196.83216531234947)(18,73.92077166068259)(19,85.33754012153064)(20,123.983523391375)(21,204.3189003262834)(22,86.966310892161)(23,70.97775994833401)(24,88.02501602547558)(25,46.42979935727911)(26,71.34831942574093)(27,39.279988151134575)(28,63.94684517314702)(29,50.471480108361355)(30,41.48014581386923)(31,36.35972445893817)(32,37.08527191148891)(33,22.53335498188129)(34,30.332948926647905)(35,17.454519707356695)(36,18.48175523556531)(37,9.730820722954569)(38,16.100050798886517)(39,28.168095023104648)(40,16.72838915037071)(41,8.990328141330705)(42,15.32624563836189)(43,17.845246702982173)(44,29.854786095373516)(45,13.623868322559767)(46,10.739690246422779)(47,4.549830158260054)(48,7.322200527179027)(49,12.318569581150888)(50,303.24)(51,310.71409856464675)(52,280.4369245913097)(53,233.5543902917498)(54,43.47810328292278)(55,194.85891983649555)(56,361.47459504747843)(57,470.81712558265133)(58,338.13856872384827)(59,240.5544941365288)(60,373.37033207045897)(61,316.4735577212809)(62,132.59677887181329)(63,162.30210036913766)(64,287.6914577305123)(65,286.5452773862753)(66,144.37859171474588)(67,95.77017593877171)(68,238.35683553787993)(69,131.3411626206548)(70,108.39669652634079)(71,121.18964569806454)(72,88.37053351899539)(73,234.2730377277367)(74,131.4220678928247)(75,120.14633417446525)(76,107.54148790662353)(77,33.69122691239652)(78,93.44946739360024)(79,104.88877379360011)(80,23.603256709040853)(81,43.256807192105896)
