% MSE
(0,31.280898875188946)

(1,29.01508159829134)

(2,28.163641922319165)

(3,27.864502094277512)

(4,27.766630242867844)

(5,27.73678807253539)

(6,27.728118914861874)

(7,27.72545856979052)

(8,27.724325228973353)

(9,27.723519261791644)

(10,27.72275206421754)

(11,27.721961083845063)

(12,27.721133265069316)

(13,27.72026493317358)

(14,27.71935387181176)

(15,27.718397983923186)

(16,27.717395099407405)

(17,27.716342949321366)

(18,27.715239159618953)

(19,27.71408124657726)

(20,27.712866612210078)

(21,27.711592539548356)

(22,27.71025618778314)

(23,27.70885458727342)

(24,27.707384634422503)

(25,27.705843086427734)

(26,27.704226555909763)

(27,27.702531505428407)

(28,27.700754241895105)

(29,27.698890910892068)

(30,27.69693749091139)

(31,27.694889787529426)

(32,27.69274342753391)

(33,27.690493853023945)

(34,27.688136315506554)

(35,27.685665870016205)

(36,27.68307736928724)

(37,27.680365458013874)

(38,27.677524567236258)

(39,27.674548908894913)

(40,27.671432470603023)

(41,27.668169010689994)

(42,27.664752053576052)

(43,27.661174885544703)

(44,27.65743055098673)

(45,27.653511849196438)

(46,27.649411331809617)

(47,27.64512130098186)

(48,27.640633808413515)

(49,27.635940655339265)

(50,27.631033393609712)

(51,27.625903328003915)

(52,27.62054151992237)

(53,27.614938792624137)

(54,27.609085738181946)

(55,27.602972726343644)

(56,27.596589915501358)

(57,27.58992726599629)

(58,27.582974556354515)

(59,27.575721415209664)

(60,27.56815784285157)

(61,27.56029525232791)

(62,27.553153462100777)

(63,27.552373640227486)

(64,27.55183357486293)

(65,27.54888348182318)

(66,1062.1274007909376)

(67,402.46489617171903)

(68,154.67475054397184)

(69,67.72112019403998)

(70,39.38423254122115)

(71,30.865605883202377)

(72,28.521020926132273)

(73,27.93509275157843)

(74,27.80315817143379)

(75,407.53293177229597)

(76,167.67363028232552)

(77,77.57366725317017)

(78,45.954797994666244)

(79,35.64925404176491)

(80,32.54965420291781)

(81,31.69486794826578)

(82,31.47942778485338)

% MSE_test
(0,30.260953099354847)(1,27.313496966690085)(2,26.01291515574611)(3,25.427546904557712)(4,25.151421163383983)(5,25.011287537140944)(6,24.932926822061003)(7,24.88346393603425)(8,24.847534415913085)(9,24.817589101040085)(10,24.789824983511412)(11,24.762334482425807)(12,24.73418148903085)(13,24.704913813057782)(14,24.674306111969774)(15,24.6422303529146)(16,24.608595200209507)(17,24.573320190233947)(18,24.53632586488219)(19,24.497530421020247)(20,24.456848674884785)(21,24.414191720620696)(22,24.3694667561837)(23,24.322576938456088)(24,24.273421240471215)(25,24.221894307546258)(26,24.1678863125812)(27,24.111282811085275)(28,24.05196459657128)(29,23.989807557048607)(30,23.92468253344439)(31,23.856455180892468)(32,23.78498583394722)(33,23.710129376912537)(34,23.631735120617364)(35,23.54964668712637)(36,23.463701904043788)(37,23.373732710253293)(38,23.279565075136773)(39,23.181018933532314)(40,23.077908138924677)(41,22.970040437614873)(42,22.857217466885103)(43,22.739234780467747)(44,22.61588190493276)(45,22.48694243094906)(46,22.35219414370082)(47,22.211409197172998)(48,22.064354337251206)(49,21.910791179428507)(50,21.750476546056163)(51,21.583162872554553)(52,21.408598678837368)(53,21.226529151902625)(54,21.036696695621654)(55,20.838842090917936)(56,20.63270344090864)(57,20.41802638562469)(58,20.194517400678272)(59,19.96210722405848)(60,19.719425859235564)(61,19.47325623866208)(62,19.17774051206971)(63,19.173373312862736)(64,18.983356493065553)(65,19.04364329814128)(66,988.8227283395878)(67,355.2635862331206)(68,120.53934574672216)(69,40.2595354977967)(70,15.38626632818569)(71,8.671343219184235)(72,7.253194014601627)(73,7.127697533204347)(74,7.212233524397124)(75,567.3986380526802)(76,322.9537596066358)(77,228.67426645319964)(78,193.98693743558218)(79,181.66134565488724)(80,177.31454994647666)(81,175.71393579717065)(82,175.04995925501225)

% MSSE
(0,17.91)(1,64.98066384370374)(2,21.062015313401847)(3,22.882522372998437)(4,22.55815722210608)(5,1.4732598915714064)(6,28.178362431216023)(7,61.11054557657342)(8,34.053193876410326)(9,10.151806921221853)(10,10.133005981336106)(11,31.073513745447325)(12,48.78685030720193)(13,1.2309449201377198)(14,4.14393176248866)(15,27.702957952613186)(16,1.2296748884945174)(17,22.100924752240104)(18,51.70981480672984)(19,1.228339403446742)(20,66.62351634833776)(21,81.04586958115402)(22,1.226797704214068)(23,42.742011404745305)(24,30.60076236391015)(25,42.6492457994714)(26,9.811180682201654)(27,1.2236795925228525)(28,26.809705526797117)(29,21.828613756937912)(30,38.72891322008185)(31,1.220588786346397)(32,62.75839657270144)(33,71.01328068442291)(34,24.699119972480393)(35,58.58448395332176)(36,1.215798838669091)(37,64.3866235131123)(38,21.494764600238245)(39,37.63946951442276)(40,49.632429741446416)(41,17.191994545564473)(42,49.31688707090192)(43,16.96095750001329)(44,24.34585664056098)(45,21.11894407882755)(46,48.59357536952914)(47,12.034936653004607)(48,4.435256124385321)(49,47.9599429961784)(50,8.585448815984227)(51,31.295464169905443)(52,85.48416163931975)(53,85.62683282809029)(54,27.46465986143236)(55,1.1829072505859826)(56,39.27039829180789)(57,64.74954574033333)(58,1.1745314151413355)(59,23.42126463364001)(60,44.79362727751525)(61,19.659270829739917)(62,7.254349249258961)(63,37.8220994756371)(64,80.47778168950794)(65,43.743895344184715)(66,1232.98)(67,489.35970863828584)(68,160.70776947462807)(69,173.5285848370561)(70,53.538180717900566)(71,93.30391772649703)(72,45.41115257490155)(73,0.6891872102359983)(74,1.11639072418734)(75,670.03)(76,327.91767776752766)(77,618.6703434629839)(78,169.24718942719267)(79,184.93833400436816)(80,254.3037253164904)(81,404.83154435462006)(82,231.49755174772662)
