% MSE
(0,107.74517455194729)

(1,107.35797750098239)

(2,106.95757968963443)

(3,106.54384822492732)

(4,106.11668305623117)

(5,105.67602073993378)

(6,105.22183837660688)

(7,104.75415770371116)

(8,104.2730493218347)

(9,103.77863702681618)

(10,103.27110221386445)

(11,102.75068831295228)

(12,102.21770520736737)

(13,101.67253357938472)

(14,101.11562911866645)

(15,100.54752652029244)

(16,99.96884319042249)

(17,99.38028256866934)

(18,98.78263696754614)

(19,98.17678982111528)

(20,97.56371722754214)

(21,96.94448866402533)

(22,96.32026674797501)

(23,95.6923059158383)

(24,95.06194989115559)

(25,94.43062781687104)

(26,93.7998489341922)

(27,93.17119570203646)

(28,92.54631526788118)

(29,91.92690922320519)

(30,91.314721605113)

(31,90.71152514048237)

(32,90.11910577020123)

(33,89.53924553863263)

(34,88.97370398694761)

(35,88.42419824760542)

(36,87.89238209982408)

(37,87.37982431070196)

(38,86.88798665154852)

(39,86.41820204128473)

(40,85.97165332533469)

(41,85.54935324567744)

(42,85.15212619180718)

(43,84.78059233924371)

(44,84.43515477803746)

(45,84.11599020484987)

(46,83.82304369578812)

(47,83.55602799138953)

(48,83.3144276095479)

(49,83.0975079580895)

(50,82.9043294495077)

(51,82.73376643169871)

(52,82.58453054831104)

(53,82.45519794060041)

(54,82.34423951127715)

(55,82.25005330267938)

(56,82.17099790986394)

(57,82.10542576617267)

(58,82.05171511468896)

(59,82.0082995205588)

(60,81.97369388870126)

(61,81.946516125875)

(62,81.92550381650368)

(63,81.9095255535802)

(64,81.89758686011108)

(65,81.88883093047637)

(66,81.88253469126556)

(67,81.87810090556513)

(68,81.87504720532624)

(69,81.87299302163261)

(70,81.87164538859687)

(71,81.8707845278864)

(72,81.87024998998525)

(73,81.8699279538602)

(74,81.86974009075433)

(75,81.86963420279422)

(76,81.86957667259159)

(77,81.8695466205058)

(78,81.86953156948925)

(79,81.8695243644297)

(80,81.86952107873293)

% MSE_test
(0,46.30431210882429)(1,46.27711301269055)(2,46.24895783350144)(3,46.2198335779557)(4,46.189729249340864)(5,46.158636096147355)(6,46.126547873422474)(7,46.09346111597516)(8,46.05937542223526)(9,46.02429374722189)(10,45.98822270269129)(11,45.951172862108294)(12,45.91315906762357)(13,45.87420073573946)(14,45.83432215781787)(15,45.793552791027814)(16,45.75192753475579)(17,45.70948698692133)(18,45.66627767406433)(19,45.622352248516016)(20,45.577769645452804)(21,45.53259519218304)(22,45.48690066165764)(23,45.440764261955856)(24,45.39427055341132)(25,45.34751028514319)(26,45.30058014308354)(27,45.25358240217958)(28,45.206624476336124)(29,45.15981836088541)(30,45.11327996395364)(31,45.067128325063486)(32,45.021484721674284)(33,44.97647166711822)(34,44.932211806519156)(35,44.88882672073622)(36,44.84643565209491)(37,44.80515416955531)(38,44.76509279489956)(39,44.72635561534383)(40,44.68903891151343)(41,44.65322983275514)(42,44.61900515407387)(43,44.5864301503392)(44,44.55555762357705)(45,44.52642711793868)(46,44.49906435414649)(47,44.47348091074756)(48,44.44967417332771)(49,44.42762756502441)(50,44.40731106241682)(51,44.388681990480904)(52,44.37168607923195)(53,44.356258753502296)(54,44.34232661669041)(55,44.32980907999633)(56,44.31862008136083)(57,44.308669833733376)(58,44.29986654094718)(59,44.29211802173018)(60,44.28533318829775)(61,44.27942333532669)(62,44.27430320732713)(63,44.26989182663043)(64,44.266113079264485)(65,44.26289607060087)(66,44.26017527553029)(67,44.25789051787778)(68,44.255986819920295)(69,44.25441416475184)(70,44.25312721187314)(71,44.2520850003079)(72,44.251250664750465)(73,44.25059118003416)(74,44.250077139014536)(75,44.24968256013187)(76,44.249384714518925)(77,44.2491639591751)(78,44.24900356254095)(79,44.24888951138216)(80,44.2488102924334)

% MSSE
(0,105.8)(1,167.23422602801995)(2,61.91832344305113)(3,244.38420545058082)(4,80.32754141107738)(5,197.88944698882537)(6,136.40514590028138)(7,134.22041495075567)(8,56.557812337140724)(9,74.08491735390199)(10,72.72102362762203)(11,89.14877280696311)(12,122.2888409743378)(13,171.0064587523602)(14,167.22383391782765)(15,114.34701834752327)(16,111.57756132385444)(17,108.75071348385109)(18,75.62089725326297)(19,161.75714556531804)(20,128.51437326837734)(21,69.23644937658909)(22,40.22871475521696)(23,116.70220534005783)(24,112.68055868530453)(25,48.27933422551169)(26,92.93675344759947)(27,22.325532981199146)(28,53.539119772218676)(29,82.02629152155379)(30,68.60150285052147)(31,65.44792660451714)(32,89.02875644635826)(33,42.30435178108395)(34,56.173857794513935)(35,60.76737884754053)(36,35.87630763140059)(37,47.34775138245875)(38,31.8155238112706)(39,17.9211206877179)(40,16.79020210590926)(41,26.165379286883017)(42,58.60244458139652)(43,36.39061335049034)(44,8.459097412873161)(45,15.704776480163543)(46,29.113077204394653)(47,6.737237289761453)(48,21.80338360477333)(49,20.14308774120603)(50,26.56939028570689)(51,24.52592927482829)(52,13.585167376490212)(53,18.82163244918054)(54,15.466768549516287)(55,7.158951609813758)(56,3.3195745692461234)(57,12.34211217870635)(58,12.941120208708861)(59,6.722068511965095)(60,7.569000773663447)(61,14.260372133832488)(62,6.745318982947185)(63,7.478090590670609)(64,8.158861850396441)(65,4.890917434617494)(66,2.8277854760491317)(67,7.299575526455548)(68,1.774258587875936)(69,10.392836396441298)(70,5.941131823149437)(71,5.842356362231498)(72,7.409505060107794)(73,7.328526214710878)(74,7.265231198226249)(75,6.414701708787209)(76,5.584228623351596)(77,4.768266558120905)(78,7.925032066302821)(79,3.163728777768603)(80,10.267925884034236)
