% MSE
(0,904.362470738249)

(1,136.1005562755168)

(2,95.36239841151585)

(3,92.11742323029571)

(4,90.15535702038099)

(5,88.19316419127249)

(6,86.20646126495369)

(7,84.19831950749338)

(8,82.1723974953733)

(9,80.13265438155194)

(10,78.08334219735087)

(11,76.02899486274048)

(12,73.97441261108015)

(13,71.92464146947967)

(14,69.88494748456505)

(15,67.86078544952446)

(16,65.85776197351036)

(17,63.88159283997454)

(18,61.938054726949396)

(19,60.03293150956115)

(20,58.17195553216348)

(21,56.360744422275765)

(22,54.60473421756789)

(23,52.90910978555287)

(24,51.27873372695144)

(25,49.71807515976357)

(26,48.23113997221849)

(27,46.82140429784673)

(28,45.49175309266965)

(29,44.24442577003027)

(30,43.08097085999027)

(31,42.00221159542353)

(32,41.008224175709614)

(33,40.09833021399647)

(34,39.27110453224166)

(35,38.52439903186857)

(36,37.85538284546347)

(37,37.26059838219536)

(38,36.736032239708656)

(39,36.27719929847453)

(40,10654.868004123866)

(41,708.2092552760595)

(42,200.06467518867717)

(43,178.67124866881372)

(44,174.24710400143243)

(45,344.05280147810436)

(46,279.3779117572299)

(47,269.2758809383201)

(48,261.86716767750687)

(49,254.4379996391493)

(50,246.90208903849714)

(51,239.2689102252483)

(52,231.55113139236272)

(53,223.7625962039057)

(54,215.91829170445283)

(55,208.0343231738636)

(56,200.12787316932975)

(57,192.21714319977468)

(58,184.32127666976987)

(59,176.4602619140323)

(60,168.65481439399295)

(61,160.9262374508645)

(62,153.2962614095694)

(63,145.78686130723776)

(64,138.4200540783633)

(65,131.2176766622784)

(66,124.20114719923902)

(67,117.39121223608795)

(68,110.80768365252075)

(69,104.46916981985262)

(70,98.39280628499597)

(71,92.59399199630923)

(72,87.08613771274435)

(73,81.88043371681185)

(74,76.9856442362862)

(75,72.40793602032838)

(76,68.15074826702052)

(77,64.21471052238086)

(78,60.5976142382266)

(79,57.29444237605216)

(80,54.297459784950654)

(81,51.59636509627701)

(82,49.1785026260902)

% MSE_test
(0,792.3649503540444)(1,51.851754426509544)(2,19.846953652436827)(3,19.71223366499186)(4,19.689607455062795)(5,19.500302337541456)(6,19.288154516666303)(7,19.07356801679236)(8,18.858369966617328)(9,18.643110799846415)(10,18.428359878750292)(11,18.214718364630027)(12,18.00281566883786)(13,17.793306125680154)(14,17.58686483384145)(15,17.384182782131667)(16,17.185961216594677)(17,16.99290526195556)(18,16.805716816012808)(19,16.625086762500292)(20,16.451686569324654)(21,16.286159367319076)(22,16.12911063174673)(23,15.981098619249734)(24,15.842624741508914)(25,15.714124086435366)(26,15.595956322467037)(27,15.488397245174616)(28,15.391631238939157)(29,15.305744938877444)(30,15.230722369687115)(31,15.166441839578123)(32,15.112674812381115)(33,15.069087009681835)(34,15.035241773109828)(35,15.010606098855382)(36,14.994558383762396)(37,14.986400828734089)(38,14.98536608542657)(39,14.990654784638492)(40,10370.204655539348)(41,511.5555522516247)(42,38.711320855064166)(43,27.54065081214432)(44,27.723252037051385)(45,95.44134864218663)(46,40.73150943430771)(47,37.933775836627454)(48,37.174539250362464)(49,36.33956839339423)(50,35.47030412865493)(51,34.589750647027614)(52,33.702449135923416)(53,32.810472803565496)(54,31.91584761696817)(55,31.02073078727652)(56,30.127405706962275)(57,29.238272231355914)(58,28.355834541032362)(59,27.482686295661143)(60,26.621492997942745)(61,25.77497150787502)(62,24.945866711743378)(63,24.136925417022166)(64,23.35086762476858)(65,22.590355420214397)(66,21.85795982094791)(67,21.156126027144)(68,20.487137627918322)(69,19.853080427747603)(70,19.25580666330818)(71,18.696900477991477)(72,18.17764560372534)(73,17.69899625964383)(74,17.261552309738793)(75,16.86553971658648)(76,16.51079728553557)(77,16.19677059511979)(78,15.92251387957009)(79,15.686700398624964)(80,15.487641676288565)(81,15.323315424067912)(82,15.19140248793731)

% MSSE
(0,907.01)(1,91.72806303726442)(2,64.28367874928867)(3,79.98383048667829)(4,54.64457396203205)(5,56.17312631765176)(6,56.8391305941239)(7,3.280005092318212)(8,17.74701243889357)(9,108.63696058809118)(10,59.335286823769)(11,69.36873875362791)(12,57.30399961285755)(13,18.273091047771537)(14,15.1299020281349)(15,0.4072782192651971)(16,46.17773571606844)(17,35.72968290107626)(18,15.471526812745628)(19,72.16332378671903)(20,88.09469512839401)(21,44.63406578682022)(22,56.565074582834534)(23,77.56732685776471)(24,50.666376445569256)(25,45.72186349960366)(26,24.292009406218753)(27,24.166540359582104)(28,34.740954157517656)(29,4.564384878871416)(30,21.762690159391518)(31,33.244684099012176)(32,2.8089358837930627)(33,1.7931226347041582)(34,17.438793920834595)(35,26.682712877642118)(36,13.956632999322707)(37,23.89948110751441)(38,0.07566023543109773)(39,11.335503191904102)(40,10733.97)(41,797.6283822561962)(42,6.254496956269042)(43,40.34181686464927)(44,84.19041880886081)(45,127.14)(46,0.7712165301107679)(47,32.25524987054264)(48,0.648743530564316)(49,258.5824385045248)(50,213.58009803257266)(51,387.5669060292044)(52,351.56905540882394)(53,0.8370402247544496)(54,186.56325651089793)(55,338.8562965555174)(56,19.324032674405704)(57,206.80057961986105)(58,286.162172553499)(59,151.51167614216376)(60,132.10769262751504)(61,12.145977429951724)(62,1.008932352607458)(63,30.18117207497276)(64,8.279080919247438)(65,111.06929482496234)(66,249.895497019824)(67,0.1791223123463116)(68,0.7068169384014464)(69,84.28256081346075)(70,1.3485912877928719)(71,147.2708475829666)(72,71.35481926187623)(73,129.77318997462802)(74,61.776680442232106)(75,102.9500941587097)(76,55.66808640307101)(77,0.8216446199100261)(78,89.00308136946511)(79,43.59669393592567)(80,38.933999590385746)(81,1.8060541544795168)(82,37.16858344778662)
