% MSE
(0,1334.6700060596445)

(1,1186.6696145638932)

(2,2864.9510197498553)

(3,2139.9288456407376)

(4,1796.1802538459385)

(5,1535.8201615751666)

(6,1339.1258869910964)

(7,1190.7602680450814)

(8,1078.6195525914657)

(9,993.3351043497809)

(10,927.7912865397354)

(11,876.6805071979545)

(12,836.1096088623116)

(13,803.2650661876537)

(14,776.1384969949617)

(15,753.3092803420247)

(16,733.7778556222291)

(17,716.8415551031401)

(18,702.0044038085941)

(19,688.9128791574386)

(20,677.3107820911283)

(21,667.0077793867324)

(22,657.8575582522793)

(23,649.7427154950399)

(24,642.5644099507736)

(25,636.2354409484376)

(26,630.6758261950908)

(27,625.8102053584404)

(28,2713.251244024389)

(29,2041.2875403411392)

(30,1901.2003014434983)

(31,1777.6867560017045)

(32,1667.7473013951646)

(33,1569.798571195324)

(34,1482.4232712067512)

(35,1404.3602112784183)

(36,1334.4929583006783)

(37,1271.837797181215)

(38,1215.531508925989)

(39,1164.8193082550686)

(40,1119.0431502933743)

(41,1077.6305274956612)

(42,1040.0838343994117)

(43,1005.9703702358885)

(44,974.9130630009474)

(45,946.5820164527584)

(46,920.6869889496701)

(47,896.9709006423261)

(48,875.2044307092178)

(49,855.181713090095)

(50,836.7170763586502)

(51,819.6427119588586)

(52,803.8071053375713)

(53,789.0740340119864)

(54,775.3219287172818)

(55,762.4434076985995)

(56,750.3448257377748)

(57,738.9457223216453)

(58,728.1781004732205)

(59,717.9855127570311)

(60,708.3219688483553)

(61,699.1507067063585)

(62,690.4428857097209)

(63,682.1762674866382)

(64,674.3339877005914)

(65,666.9044004529095)

(66,659.9042261399521)

(67,654.0159985482131)

(68,5122.841189444926)

(69,3099.8441979681634)

(70,2626.5413105921702)

(71,2254.524902008085)

(72,1959.3690122532707)

(73,1724.1065123433852)

(74,1535.2588869952658)

(75,1382.2982647845809)

(76,1257.127339292145)

(77,1153.599880187192)

(78,1067.0971318809065)

(79,994.1680906798323)

(80,932.235183668395)

(81,879.3617701212601)

(82,834.0744139435785)

(83,795.2310355147526)

% MSE_test
(0,1014.6796465496667)(1,1021.6829117343533)(2,2117.9340031157067)(3,1671.727700199315)(4,1420.9726792531835)(5,1229.8573073131301)(6,1089.5617872004298)(7,987.1173581394768)(8,912.3999952783996)(9,857.688112284012)(10,817.2251848725484)(11,786.8179650509386)(12,763.4822539564426)(13,745.1427232401929)(14,730.3879228361418)(15,718.2774240896694)(16,708.1952058500505)(17,699.7418762565522)(18,692.6579627667797)(19,686.7709942532305)(20,681.9601138508109)(21,678.1331877482222)(22,675.2125827543666)(23,673.1268253220177)(24,671.8061734388788)(25,671.1807283501936)(26,671.1801354702135)(27,671.7342081367667)(28,2534.527280232746)(29,2449.3989573813487)(30,2316.107820136014)(31,2164.9047561093926)(32,2026.1487746457537)(33,1899.0375879380379)(34,1782.7925804601555)(35,1676.7009018837123)(36,1580.0958910235702)(37,1492.3439443768536)(38,1412.8337727473115)(39,1340.968904248602)(40,1276.1632334202352)(41,1217.8393804022555)(42,1165.4294158918954)(43,1118.3774461938565)(44,1076.143514772911)(45,1038.2083014784014)(46,1004.0781430014731)(47,973.2899644047232)(48,945.415775951195)(49,920.0664605429763)(50,896.8946383146488)(51,875.59646405167)(52,855.9122689664881)(53,837.6260340921343)(54,820.5637245912013)(55,804.590613133107)(56,789.607690915459)(57,775.5474893619657)(58,762.369213772035)(59,750.0542823003759)(60,738.5999873335095)(61,728.0193169499836)(62,718.3207999410141)(63,709.5631455478002)(64,701.620309942822)(65,695.1583124789124)(66,687.2570744251294)(67,693.1980525679658)(68,4559.613585326499)(69,3287.4895478720773)(70,3010.1264177102366)(71,2751.7315386660375)(72,2532.5997737387024)(73,2342.7778195827755)(74,2174.953392584086)(75,2023.9995139384087)(76,1886.4726893433988)(77,1760.1712431664735)(78,1643.759827691993)(79,1536.4662429111418)(80,1437.8491327769402)(81,1347.6304853960094)(82,1265.5835173042656)(83,1191.4649890047083)

% MSSE
(0,1219.28)(1,902.1803901691419)(2,3250.71)(3,2316.3280458318236)(4,1971.9164977911066)(5,1398.7324430188912)(6,1258.0736519096465)(7,1074.6407190389627)(8,851.8941433266082)(9,511.5476956609319)(10,488.11609315247625)(11,455.32250761663505)(12,395.6053674851982)(13,241.55002167882998)(14,285.447814490125)(15,206.25097706234956)(16,193.47528616618348)(17,194.08648608910008)(18,176.36851495668455)(19,122.65033692469797)(20,151.24590605215275)(21,125.35386343137333)(22,77.5363820014411)(23,125.41212873291022)(24,82.3339563225271)(25,92.31323387058028)(26,87.3557511790063)(27,64.52101035103694)(28,3763.65)(29,2571.3939943216233)(30,2829.9830683611735)(31,2198.883187988267)(32,2029.5197548271244)(33,2412.0491185995625)(34,2024.8558728513055)(35,1671.6593590587481)(36,1874.6601684627467)(37,1331.0145724224064)(38,1284.6755679255211)(39,1073.45721087435)(40,1117.564521363131)(41,1022.1697054018547)(42,1004.9897246367367)(43,1124.5452682357434)(44,763.6732002242726)(45,767.3526137071796)(46,700.8016367082812)(47,830.3308832156403)(48,607.3836920161829)(49,660.760332532289)(50,497.55569760130606)(51,582.6289210850924)(52,436.03980830080616)(53,418.97657529458615)(54,336.4026636298182)(55,285.7036115545917)(56,400.6354562448004)(57,405.8942662423857)(58,303.971413425271)(59,310.10664776205056)(60,366.14589457564756)(61,240.45960997035218)(62,266.31465993048005)(63,199.37337037726303)(64,196.92326888323677)(65,155.54849979835805)(66,199.93324337020383)(67,146.97885996963535)(68,7860.84)(69,3587.563060778033)(70,3804.649598221248)(71,3129.197615761748)(72,2255.9533125841012)(73,2427.958998594785)(74,1863.6202573000678)(75,1925.0281387550547)(76,1128.1608527413616)(77,1360.8815610001175)(78,1287.6752149783874)(79,723.9028653360693)(80,990.5987276596719)(81,853.0928051477657)(82,699.776921008071)(83,583.3901872664252)
