% MSE
(0,5359.155270587179)

(1,4469.891722863155)

(2,3827.7439638575215)

(3,3359.4951858517143)

(4,3018.446507763784)

(5,2770.6851460651897)

(6,2590.980085859696)

(7,2460.708309512979)

(8,2366.4689616539195)

(9,2299.2591788564514)

(10,9234.937498469168)

(11,6771.114472542821)

(12,5380.716914941629)

(13,4465.316611153595)

(14,3830.1671238280146)

(15,3382.8349775026136)

(16,3068.5299807735887)

(17,2853.0682131210037)

(18,2719.155288730054)

(19,4966.380726807212)

(20,3598.084152498945)

(21,12068.239163564578)

(22,8344.481779983873)

(23,8851.906510272376)

(24,6673.238300100667)

(25,5195.071147398807)

(26,4185.0541610176)

(27,3501.072559711683)

(28,3043.509421018331)

(29,2740.9608977484468)

(30,2543.0446982436656)

(31,2415.6392410967183)

(32,2338.109785496052)

(33,2304.2599096215167)

(34,7293.037383259978)

(35,6091.96940650528)

(36,5164.432475381364)

(37,4449.898397811133)

(38,3900.448570086529)

(39,3478.2597579114695)

(40,3153.793168174209)

(41,2904.226997739899)

(42,2712.0886482422256)

(43,2564.1061141834757)

(44,2450.322297885413)

(45,2363.6148700271565)

(46,2300.2326387131257)

(47,10216.713698586305)

(48,6994.120639866614)

(49,5416.91011000813)

(50,4451.690890735639)

(51,3804.3796490980812)

(52,3356.9965209946904)

(53,3048.9444383631812)

(54,2847.570130727483)

(55,2743.4758392845524)

(56,8489.257388391718)

(57,6637.421714653318)

(58,5379.100698086834)

(59,4486.727489978193)

(60,3848.972827728254)

(61,3393.8069558176207)

(62,3070.1559396295575)

(63,2841.483481533705)

(64,2682.8883689299073)

(65,2580.824705996006)

(66,5408.494731988151)

(67,4227.739469009984)

(68,8356.35010730551)

(69,6010.744328916108)

(70,4708.059851551849)

(71,3872.9841245476355)

(72,3312.922877847638)

(73,2934.3250309942478)

(74,2681.311118569134)

(75,2519.0958257477178)

(76,2430.0022681614196)

(77,4223.877016433903)

(78,3492.6278108628367)

(79,5838.3134016252025)

(80,4720.747040798966)

(81,3969.1083088032096)

(82,3435.2883804547237)

(83,3052.2503497840094)

(84,2778.1541711732316)

(85,2583.555751567775)

(86,2447.3256341905953)

(87,2355.079926893149)

(88,2299.4541682849)

(89,9337.59518043418)

(90,6811.780226912815)

(91,7427.7836221864545)

(92,5720.222320646548)

(93,4805.393729336407)

% MSE_test
(0,5860.932730008216)(1,5042.817666790522)(2,3914.290480285144)(3,3390.4366650918096)(4,2784.954084471006)(5,2504.2569581542666)(6,2153.3176928202492)(7,2034.0846612261785)(8,1800.2489165475504)(9,1802.774381260146)(10,12298.425275919128)(11,7068.62737472279)(12,6527.360860244465)(13,4467.294870451132)(14,4171.252695345054)(15,3050.6862120238557)(16,3024.845986497057)(17,2268.2437943438795)(18,2530.658252013613)(19,2944.4009729671543)(20,3573.991944237952)(21,10562.4086436903)(22,10786.830104607956)(23,11206.60083889946)(24,7772.207592794597)(25,6088.734702469573)(26,4460.21559483452)(27,3641.225657089304)(28,2826.2730318961335)(29,2490.120856113989)(30,2044.7217221231786)(31,1981.7540933410455)(32,1662.4978841719333)(33,1833.9132241499665)(34,7432.99228923909)(35,5905.580447208213)(36,4819.56288053037)(37,3943.1939636841917)(38,3316.6948892285623)(39,2815.8020958306934)(40,2465.671328014795)(41,2177.5315873113664)(42,1990.3526945464187)(43,1816.4398250976606)(44,1732.165256001187)(45,1605.3644858163682)(46,1616.521820063166)(47,12765.705308016351)(48,7143.024650573215)(49,6288.561717540718)(50,4320.615588177189)(51,3965.8503016898)(52,2927.9078028263325)(53,2878.084140396718)(54,2197.635776637796)(55,2456.5943636935194)(56,9425.548296666648)(57,7991.379496239798)(58,5840.258911138171)(59,4971.96075183408)(60,3868.69955306951)(61,3424.986932645511)(62,2797.834932110273)(63,2637.5936372877545)(64,2219.5767549388934)(65,2286.712873753196)(66,3922.3068715588533)(67,3962.125660307396)(68,10010.405502392268)(69,6502.606440423476)(70,5261.934684445086)(71,3877.6602102314178)(72,3318.735692599249)(73,2610.114168429831)(74,2403.420199156394)(75,1985.5779276897517)(76,2023.8311132369333)(77,3160.1410320855093)(78,3741.2770293057138)(79,6057.836385721107)(80,5371.185714794665)(81,3987.041901921793)(82,3523.805290220701)(83,2807.4532552207766)(84,2564.9530180492843)(85,2142.90281283456)(86,2068.0330947188563)(87,1771.3204941874835)(88,1850.9134063854492)(89,8217.734786679752)(90,8356.148105934442)(91,8737.4385745104)(92,4293.752256342098)(93,4831.922147317758)

% MSSE
(0,5044.41)(1,3991.8263549431126)(2,2913.0351477971208)(3,3176.7211547614847)(4,2268.3557154209475)(5,1674.7149418659087)(6,1590.5419999186356)(7,1157.5881705606669)(8,738.8925622710032)(9,861.1779833779719)(10,14374.32)(11,7375.916784635004)(12,6209.20672518807)(13,4366.392160943126)(14,3783.6428583761617)(15,2962.320458579422)(16,2268.8057482680993)(17,1728.5840103226012)(18,1970.60103564023)(19,3492.31)(20,3085.354092444903)(21,14603.01)(22,9545.725598299392)(23,11570.67)(24,7259.735039048635)(25,6914.014334757671)(26,3368.247356308657)(27,3118.3886081200526)(28,1949.1294723610997)(29,1455.7758203662079)(30,1448.8659963373052)(31,832.705640700878)(32,542.1457061802807)(33,615.8330610499405)(34,9436.52)(35,5508.300796673482)(36,5019.5827401705865)(37,3388.5466806151603)(38,2678.2387577703175)(39,2403.876210827688)(40,1908.1705521099457)(41,1045.7282896873876)(42,1176.1190695395726)(43,906.4092776661719)(44,709.7261053487997)(45,669.1558704472337)(46,505.93677845693463)(47,13548.9)(48,7984.318865781188)(49,5805.992685743092)(50,4692.960964931425)(51,2988.3322845894395)(52,2690.5606069869445)(53,2006.732163089386)(54,1471.882289171187)(55,1646.2035142385816)(56,12381.52)(57,8037.108288550607)(58,6218.3640613141315)(59,4960.338004804901)(60,3727.260639091184)(61,3920.5540308513514)(62,2304.068579309882)(63,2377.507769698824)(64,1596.9957459995335)(65,1841.9950623126342)(66,4227.22)(67,3879.542862667311)(68,12590.04)(69,5301.705744167878)(70,3953.528115544086)(71,2927.712480592523)(72,2027.0390108674142)(73,1242.0004306830058)(74,1026.673653316305)(75,645.6156416883729)(76,709.2293583339014)(77,3030.34)(78,2726.749427711548)(79,5438.0)(80,5405.989603169263)(81,3878.0507467827433)(82,2043.156242262649)(83,1644.7678571694944)(84,1230.9411554941946)(85,1024.1655339923263)(86,981.9220662515346)(87,718.7902779000476)(88,727.3474477239936)(89,10058.99)(90,9757.725451810535)(91,8543.33)(92,6855.36567902648)(93,5622.637446921667)
