% MSE
(0,2188.984594672055)

(1,1609.9954630629163)

(2,1426.9237786368897)

(3,1292.1895252705608)

(4,1177.581893982509)

(5,1079.8019735690548)

(6,996.9908659661809)

(7,927.383495541947)

(8,869.2845411461542)

(9,821.0943924897743)

(10,781.3313776334078)

(11,748.6483059277973)

(12,721.8430121815596)

(13,699.8629371308612)

(14,681.8041031331555)

(15,666.9051334021144)

(16,654.537194430494)

(17,644.1908961424531)

(18,635.4612520869728)

(19,628.0317810939817)

(20,621.6587301631805)

(21,616.1562322274698)

(22,611.3830042188538)

(23,607.2309658798829)

(24,603.6159426911063)

(25,600.4704278648544)

(26,597.7382329057571)

(27,595.3707604241604)

(28,593.3245858904485)

(29,591.5600299425843)

(30,590.0404289776762)

(31,588.7318570166642)

(32,587.603105073704)

(33,586.6257767650745)

(34,585.7744050351747)

(35,585.0265320172036)

(36,584.3627218527133)

(37,583.7664958571606)

(38,583.2241924165096)

(39,582.7247621048855)

(40,582.2595130810522)

(41,581.8218238211216)

(42,581.4068403329175)

(43,581.0111736449842)

(44,580.6326110452814)

(45,2406.922990608066)

(46,1960.3706940938273)

(47,1739.2979962157)

(48,1559.8242507661248)

(49,1405.7387662619526)

(50,1273.8864856155749)

(51,1161.8698653951462)

(52,1067.369297722375)

(53,988.1554295724959)

(54,922.124424277238)

(55,867.3272335202269)

(56,821.9913682725992)

(57,784.5347682822727)

(58,753.5718162880387)

(59,727.9119698844457)

(60,706.5518654447109)

(61,688.6620535392008)

(62,673.569729653531)

(63,660.738913611113)

(64,649.7495038909535)

(65,640.2764993751111)

(66,632.0704623757814)

(67,624.9400225333446)

(68,618.7369246502781)

(69,613.343837211313)

(70,608.6648895360976)

(71,604.6187130764102)

(72,601.13363511267)

(73,598.1446100051909)

(74,595.5914652284827)

(75,593.4180726544365)

(76,591.5721142164209)

(77,590.005180628977)

(78,588.6730108864496)

(79,587.5357414892861)

(80,586.5580842787316)

(81,585.7093898984804)

% MSE_test
(0,1870.8346307669485)(1,1451.5176454633283)(2,1352.1176692094598)(3,1269.2496481993576)(4,1194.1067326746913)(5,1129.4667956541746)(6,1075.1608886089043)(7,1029.9932748001954)(8,992.6195657518837)(9,961.7620664241724)(10,936.2571838636101)(11,915.0705399646349)(12,897.3039888787766)(13,882.1971777698482)(14,869.1240954259674)(15,857.5852305886156)(16,847.1961729260871)(17,837.6736276315611)(18,828.8198750912)(19,820.5066873205074)(20,812.6596196083294)(21,805.2434429184111)(22,798.2492896212325)(23,791.6838743993261)(24,785.5609458433073)(25,779.894941365507)(26,774.6966723455905)(27,769.9707651222894)(28,765.7145273267099)(29,761.9178934196749)(30,758.5641198341303)(31,755.6309388259676)(32,753.0919313269472)(33,750.9179344027993)(34,749.0783526150205)(35,747.5422900962462)(36,746.279461306178)(37,745.2608675138132)(38,744.4592577952562)(39,743.8493819552349)(40,743.408146150283)(41,743.1144299007145)(42,742.9497422279766)(43,742.8948140860609)(44,742.9449179366613)(45,2035.0601098015768)(46,1700.9982533461985)(47,1555.0110619687487)(48,1432.0123007735635)(49,1325.1755137153427)(50,1234.5606350059818)(51,1158.8179847103295)(52,1096.0975667749274)(53,1044.5226041801325)(54,1002.3240879283302)(55,967.882201558169)(56,939.7459150795916)(57,916.6438787443739)(58,897.4881227442104)(59,881.3710347633611)(60,867.5563850763943)(61,855.4654517235191)(62,844.6594909457709)(63,834.8198901787142)(64,825.7273287818471)(65,817.2411630319912)(66,809.28006402078)(67,801.8046946693948)(68,794.8029436559542)(69,788.2779681628667)(70,782.2390587196662)(71,776.6951461317385)(72,771.6506324216782)(73,767.1031465111508)(74,763.0427957191687)(75,759.4524960506728)(76,756.3090055119055)(77,753.5843433902961)(78,751.2473443193298)(79,749.2651617002518)(80,747.6045952659488)(81,746.2331708112779)

% MSSE
(0,1757.53)(1,1136.4059906789737)(2,1186.0972529761118)(3,1022.0818036000763)(4,595.6001944516228)(5,538.3006596019829)(6,466.4437810044801)(7,449.07181307542646)(8,371.75026735939696)(9,239.52673973239823)(10,261.0287089854192)(11,205.33281326340327)(12,195.71600272245337)(13,166.48126409552398)(14,133.8652654654381)(15,90.66965698186809)(16,133.80553816640958)(17,93.66790137936819)(18,83.04629288352227)(19,78.2579402206996)(20,94.00155017615855)(21,87.16918930926464)(22,69.1441839781273)(23,74.69038893129296)(24,71.44214499135013)(25,53.008279507096375)(26,66.5885706433536)(27,75.93145620230587)(28,51.55132030712581)(29,50.80191782219923)(30,42.0113817829436)(31,40.20502372254249)(32,37.89798037693556)(33,39.984099295959815)(34,39.79195862967824)(35,40.459191392945165)(36,42.153770508769554)(37,44.71656677673139)(38,47.14263118980215)(39,54.907829278512246)(40,40.18827821809101)(41,35.67807993741817)(42,42.733327171955544)(43,40.35814431533776)(44,33.75308874947921)(45,2550.16)(46,2222.617865781221)(47,1655.2620775436126)(48,1716.3380323692525)(49,1082.165746280298)(50,911.7950609865712)(51,782.518840404939)(52,606.3935280246611)(53,517.7808571005033)(54,597.0934941349951)(55,287.2830198859264)(56,358.4096672672757)(57,382.70453001860653)(58,303.2908675871316)(59,240.19905017765228)(60,184.1574092656755)(61,169.69760059803474)(62,188.76357632741264)(63,123.59249526653224)(64,205.85906943982002)(65,142.42903216958518)(66,79.23931481521684)(67,118.06801694834208)(68,107.48901818298013)(69,68.17944578972262)(70,83.76485814147702)(71,70.09154506906918)(72,73.68588941170844)(73,63.945300317443895)(74,65.0705554749743)(75,62.312559735222976)(76,60.63801590843091)(77,76.55842799218821)(78,38.388986948172594)(79,48.77788166338958)(80,45.079906761573554)(81,51.471988056244115)
