% MSE
(0,2093.8956952370186)

(1,1555.1498242682535)

(2,1242.437092799338)

(3,1050.1039480694672)

(4,923.6977688418475)

(5,835.2032967968197)

(6,769.8678948258525)

(7,719.5308165326537)

(8,679.3807728159477)

(9,646.4111011709214)

(10,618.6692272562034)

(11,594.8642064148163)

(12,574.1372994867926)

(13,555.9137884742184)

(14,539.8022856176103)

(15,525.5261535452009)

(16,512.8781430281855)

(17,501.69180004116987)

(18,491.82453722129657)

(19,483.1483798133165)

(20,475.54542631861966)

(21,468.90596589455686)

(22,463.1279194440791)

(23,458.11680694699567)

(24,453.7858092412109)

(25,450.055723906204)

(26,446.8547506646479)

(27,444.1181147380316)

(28,441.78757101479704)

(29,439.8108434872744)

(30,438.1410527194547)

(31,436.7361747912093)

(32,435.55856185801827)

(33,434.5745398286441)

(34,433.75408482683645)

(35,433.07056873467155)

(36,432.50055633515643)

(37,5956.489728298021)

(38,3833.9190791985347)

(39,2610.7818825698305)

(40,1878.980752717352)

(41,1423.5066763031814)

(42,1130.1914478424821)

(43,936.440607003542)

(44,806.0983912188026)

(45,717.0496598787302)

(46,655.1512896780036)

(47,611.1512915159105)

(48,578.9824478468145)

(49,554.7077885441258)

(50,535.8118832606438)

(51,520.7076960885494)

(52,508.3954855773367)

(53,498.2339134195104)

(54,489.79298456532604)

(55,482.76431992327724)

(56,476.9095295728758)

(57,472.0324196362083)

(58,467.9651177595393)

(59,464.56168412917464)

(60,461.69532749169736)

(61,459.2570682777311)

(62,457.154764141798)

(63,455.31203079618416)

(64,453.6669182192413)

(65,452.1703597370358)

(66,450.78447660833297)

(67,449.48083829540576)

(68,448.2387723065583)

(69,447.0437995358958)

(70,445.8862480309469)

(71,444.76007424564034)

(72,443.6618990082824)

(73,442.59024767104194)

(74,441.54497134337436)

(75,2508.6234897386107)

(76,1801.5370526397296)

(77,1372.798317480708)

(78,1101.3582489012626)

(79,922.0397777275738)

(80,799.1843572663267)

(81,712.5178308111143)

(82,649.8804446952136)

% MSE_test
(0,2991.153584914284)(1,2232.9814001915206)(2,1791.6722234064448)(3,1522.408500077874)(4,1348.3048754991732)(5,1228.5976598577092)(6,1141.3198989194002)(7,1074.240496674391)(8,1020.2644557342328)(9,975.1207656590226)(10,936.176267504716)(11,901.7933558770761)(12,870.9556044613901)(13,843.0348283200597)(14,817.6408054846374)(15,794.5239108864921)(16,773.5133103760368)(17,754.47920100406)(18,737.3109559032933)(19,721.9053905524669)(20,708.1611571029318)(21,695.9766243854851)(22,685.2495779343803)(23,675.8777448717781)(24,667.7595872637662)(25,660.7950833821791)(26,654.8863833173914)(27,649.938321254512)(28,645.8588158051508)(29,642.559207745605)(30,639.9545821284049)(31,637.9641071808845)(32,636.5114022686041)(33,635.5249267558372)(34,634.9383647602548)(35,634.6909700691418)(36,634.727831952415)(37,7597.949627496208)(38,4814.6438451501035)(39,3237.6619553687597)(40,2318.713345643061)(41,1764.9784037048616)(42,1419.9824595514426)(43,1198.5477439339816)(44,1052.6615256643602)(45,954.0792474916517)(46,885.5389520431742)(47,836.2311215849857)(48,799.3318229995328)(49,770.5548901709184)(50,747.2422142914975)(51,727.7684536389625)(52,711.1476670281398)(53,696.7769530068064)(54,684.2742520474442)(55,673.3798317362238)(56,663.8994423074515)(57,655.6735794373658)(58,648.5622673411091)(59,642.4384843811806)(60,637.1859805558345)(61,632.6990007500946)(62,628.8825565541382)(63,625.6525819327887)(64,622.9357162654234)(65,620.6686867769265)(66,618.7973779700459)(67,617.2757201276199)(68,616.0645293652176)(69,615.1304069620913)(70,614.4447696328953)(71,613.9830450303868)(72,613.7240346659013)(73,613.6494231250189)(74,613.743398990845)(75,3927.690225462455)(76,2880.116487209457)(77,2238.0467871076476)(78,1829.5540949533906)(79,1559.1276810048005)(80,1373.076077715366)(81,1240.3959031759043)(82,1142.522034993541)

% MSSE
(0,2118.04)(1,1455.3631530388252)(2,1274.9972267844987)(3,1022.235854202825)(4,836.6533410413296)(5,602.8009002950494)(6,608.5305383407899)(7,394.55844273555044)(8,333.96512767842717)(9,560.761161491712)(10,327.4198444916053)(11,399.5490092965058)(12,320.1385566124223)(13,333.23421873246696)(14,284.78311443648164)(15,248.31701503665653)(16,176.65560384877742)(17,148.70928765827978)(18,128.40748861882108)(19,111.57531467273304)(20,122.86467762389682)(21,72.19014078194027)(22,86.12478636883185)(23,50.810415842119745)(24,48.9004754638321)(25,68.41180551652917)(26,74.45777473454964)(27,52.16579183817277)(28,35.11019775315788)(29,23.362910701532343)(30,29.74287637611282)(31,14.152372370877085)(32,14.231667159660145)(33,12.192159956020271)(34,17.296081217883355)(35,18.02396856394967)(36,18.435724300075403)(37,5414.08)(38,3719.234923933915)(39,1624.2359373137647)(40,1973.9706522223166)(41,590.6002031278283)(42,612.4210584292664)(43,408.0516757941724)(44,394.83150868394523)(45,254.9599182194081)(46,194.5971830234095)(47,271.3528124682954)(48,208.57970096360887)(49,121.61750412981965)(50,107.0748214106674)(51,131.89930998238594)(52,149.07326121934585)(53,89.93529466693545)(54,53.47486680971731)(55,91.37224762830398)(56,34.15768075527589)(57,77.0800936558041)(58,28.113378256152224)(59,20.018136506309425)(60,64.39054874291958)(61,64.61086365604434)(62,63.73855790309856)(63,64.88098897149399)(64,15.02222316353061)(65,52.73613384227372)(66,9.618286435665146)(67,56.877798101496374)(68,48.321063370314526)(69,89.76921022208367)(70,5.016801291881538)(71,4.278802920520066)(72,43.924017997844906)(73,6.184184084467151)(74,40.302680995436155)(75,2711.67)(76,1449.9062719655785)(77,740.2276468545388)(78,644.9204069850728)(79,693.5237720478227)(80,478.86903716770087)(81,366.69672319975564)(82,421.2243403955532)
