% MSE
(0,34.01570039775622)

(1,33.73430050711162)

(2,95.32116592521065)

(3,94.49144216643849)

(4,8.475400157661994)

(5,8.422435955422928)

(6,79.72548724853273)

(7,79.0352532201541)

(8,5.418161786177072)

(9,5.392541912134811)

(10,2.653803670200461)

(11,2.652908566160369)

(12,9.550591701335934)

(13,9.4880108494045)

(14,121.40394882165177)

(15,120.34093734071232)

(16,70.70653064766147)

(17,70.09696331233077)

(18,103.65685823983442)

(19,102.75257899055018)

(20,11.969901276826254)

(21,11.885681812852367)

(22,85.40578769719791)

(23,84.66474834033284)

(24,65.56408317528117)

(25,65.0005105431215)

(26,72.46550088647867)

(27,71.84020109798129)

(28,19.586913063049554)

(29,19.4345660784662)

(30,3.4590399079404146)

(31,3.450942668742626)

(32,121.40394882165177)

(33,120.34093734071232)

(34,49.87927674478497)

(35,49.455991012966145)

(36,81.59651019074266)

(37,80.88954149558994)

(38,81.59651019074266)

(39,80.88954149558994)

(40,8.475400157661994)

(41,8.422435955422928)

(42,31.685518576084263)

(43,31.424960127534703)

(44,107.9591676412175)

(45,107.01640799034836)

(46,67.25582179206275)

(47,66.67711803490086)

(48,5.071055610107661)

(49,5.048540297779039)

(50,65.56408317528117)

(51,65.0005105431215)

(52,52.836953705455905)

(53,52.38721413534075)

(54,7.489850776702195)

(55,7.445701453269605)

(56,60.623330569007656)

(57,60.10394865552577)

(58,29.444978917126452)

(59,29.204460139786026)

(60,2.8325735867329698)

(61,2.8300795418595492)

(62,36.43552438214231)

(63,36.13248127851679)

(64,29.444978917126452)

(65,29.204460139786026)

(66,54.34940799680919)

(67,53.88614084346362)

(68,4.746359974716779)

(69,4.726748781380318)

(70,17.884226380376607)

(71,17.747108441686954)

(72,89.30470736636742)

(73,88.52879557690393)

(74,14.747779503173147)

(75,14.63871434361318)

(76,59.02123411494024)

(77,58.51618155557464)

(78,10.715425407724025)

(79,10.64242613521432)

(80,99.44419100116542)

(81,98.57759038258023)

(82,35.214407119610016)

(83,34.92228584383567)

(84,25.23282608735327)

(85,25.02998133977337)

(86,11.331458071935872)

(87,11.252948925054813)

(88,89.30470736636742)

(89,88.52879557690393)

(90,68.96997094952285)

(91,68.37593562463728)

(92,116.8327129321262)

(93,115.81058716542947)

(94,38.94499052924258)

(95,38.61950244175018)

(96,9.001790659159697)

(97,8.944118353435188)

(98,68.96997094952285)

(99,68.37593562463728)

(100,15.498275411456206)

(101,15.382497721196039)

(102,114.58071079838123)

(103,113.5787272247236)

(104,3.6716828399386134)

(105,3.6616836953560465)

(106,87.34404226144338)

(107,86.58566690963987)

(108,7.489850776702195)

(109,7.445701453269605)

(110,6.1796057603515155)

(111,6.147175434717548)

(112,99.44419100116542)

(113,98.57759038258023)

(114,6.1796057603515155)

(115,6.147175434717548)

(116,42.877268804981945)

(117,42.516609921278224)

(118,121.40394882165177)

(119,120.34093734071232)

(120,11.331458071935872)

(121,11.252948925054813)

(122,6.593943558456537)

(123,6.557807342944507)

(124,72.46550088647867)

(125,71.84020109798129)

(126,7.030691897240099)

(127,6.990649349128524)

(128,7.971420196842826)

(129,7.922963655367741)

(130,112.3511192053148)

(131,111.36907738197473)

(132,20.471872215403828)

(133,20.31161004379141)

(134,38.94499052924258)

(135,38.61950244175018)

(136,31.685518576084263)

(137,31.424960127534703)

(138,2.8325735867329698)

(139,2.8300795418595492)

(140,2.73198335812745)

(141,2.730389005031431)

(142,47.01124194682814)

(143,46.6136082824198)

(144,5.787678502925026)

(145,5.758753624447654)

(146,112.3511192053148)

(147,111.36907738197473)

(148,114.58071079838123)

(149,113.5787272247236)

(150,55.88427282884102)

(151,55.40727764954358)

(152,110.14393815292688)

(153,109.18163763718303)

(154,15.498275411456206)

(155,15.382497721196039)

(156,35.214407119610016)

(157,34.92228584383567)

(158,2.955574356017027)

(159,2.9519801766447307)

% MSE_test
(0,0.10471342802763724)(1,0.10472255859399648)(2,0.10367855564086213)(3,0.10368516711431294)(4,0.10612854581835432)(5,0.10613431554119483)(6,0.10382605724413353)(7,0.10383382841776627)(8,0.10653467690000412)(9,0.10653898323647494)(10,0.10736515046061729)(11,0.10736605726764321)(12,0.10601778583652648)(13,0.10602392646739604)(14,0.10352766950358343)(15,0.10353191206192887)(16,0.10393730327699426)(17,0.10394562881026506)(18,0.10361887809275191)(19,0.1036247838431454)(20,0.10580330249963367)(21,0.10581012201007765)(22,0.10376634625117992)(23,0.1037737218725466)(24,0.10401108752347375)(25,0.10401968273604392)(26,0.10391388129929499)(27,0.10392210645005212)(28,0.1053081411468518)(29,0.10531629072674621)(30,0.10696954087426866)(31,0.1069721268337301)(32,0.10352766950358343)(33,0.10353191206192887)(34,0.10429515007337019)(35,0.10430430331098797)(36,0.10380556719425227)(37,0.1038132117618364)(38,0.10380556719425227)(39,0.1038132117618364)(40,0.10612854581835432)(41,0.10613431554119483)(42,0.10479135041790488)(43,0.104800403779824)(44,0.10359255763207843)(45,0.10359807905270162)(46,0.10398590638908375)(47,0.10399441695326096)(48,0.10659504116820824)(49,0.10659911747065615)(50,0.10401108752347375)(51,0.10401968273604392)(52,0.10423364647888234)(53,0.10424273006914615)(54,0.10624165134243635)(55,0.10624702917842044)(56,0.10409014924002519)(57,0.10409896692953241)(58,0.10487161835042716)(59,0.10488057352907773)(60,0.10723093505624702)(61,0.10723242255957921)(62,0.10463785117962353)(63,0.10464703797159518)(64,0.10487161835042716)(65,0.10488057352907773)(66,0.10420377425998377)(67,0.10421281515951009)(68,0.10665599182197595)(69,0.10665983284569325)(70,0.1054024823328999)(71,0.10541040785655925)(72,0.10372947085036231)(73,0.10373655654668319)(74,0.1055982013317582)(75,0.10560561580646541)(76,0.10411767591666933)(77,0.10412655727574177)(78,0.10590937139695272)(79,0.10591586195702352)(80,0.10364754409567978)(81,0.10365381319701611)(82,0.10467534641084851)(83,0.10468450771236727)(84,0.10503919084223408)(85,0.10504788671786558)(86,0.10585604375551144)(87,0.10586270141312237)(88,0.10372947085036231)(89,0.10373655654668319)(90,0.1039613116402572)(91,0.10396973231133493)(92,0.10354695333749372)(93,0.10355164316209332)(94,0.10456461987386426)(95,0.10457384191262054)(96,0.10607287263465863)(97,0.10607883043386698)(98,0.1039613116402572)(99,0.10396973231133493)(100,0.10554839200369825)(101,0.10555594210770404)(102,0.103557474832795)(103,0.10356238042346053)(104,0.10690565829268296)(105,0.10690850575440952)(106,0.10374761535798901)(107,0.10375484863918655)(108,0.10624165134243635)(109,0.10624702917842044)(110,0.10641570752028642)(111,0.10642045819068338)(112,0.10364754409567978)(113,0.10365381319701611)(114,0.10641570752028642)(115,0.10642045819068338)(116,0.10445917080695213)(117,0.10446840638058383)(118,0.10352766950358343)(119,0.10353191206192887)(120,0.10585604375551144)(121,0.10586270141312237)(122,0.10635710240877254)(123,0.10636206737907238)(124,0.10391388129929499)(125,0.10392210645005212)(126,0.10629908368282256)(127,0.106304257708318)(128,0.10618480538761338)(129,0.10619038178937946)(130,0.10356858271365912)(131,0.10357369882568405)(132,0.10526185013217355)(133,0.10527010387312444)(134,0.10456461987386426)(135,0.10457384191262054)(136,0.10479135041790488)(137,0.104800403779824)(138,0.10723093505624702)(139,0.10723242255957921)(140,0.10729774956565058)(141,0.10729894934318303)(142,0.10435899921011202)(143,0.10436820111625662)(144,0.10647489901736332)(145,0.1064794301431509)(146,0.10356858271365912)(147,0.10357369882568405)(148,0.103557474832795)(149,0.10356238042346053)(150,0.1041744884266486)(151,0.10418348139073069)(152,0.10358027698008683)(153,0.10358559836876449)(154,0.10554839200369825)(155,0.10555594210770404)(156,0.10467534641084851)(157,0.10468450771236727)(158,0.10716470693240678)(159,0.10716647691683179)

% MSSE
(0,21.16)(1,20.942063796800266)(2,0.0)(3,209.62957471106918)(4,0.0)(5,5.054268623069643)(6,0.0)(7,57.19599899646038)(8,0.0)(9,0.7971521427663378)(10,0.0)(11,0.16107338491044781)(12,6.48)(13,15.999024941634527)(14,276.48)(15,91.2758478597864)(16,100.82)(17,49.914856621906296)(18,154.88)(19,153.38498935270988)(20,0.0)(21,4.782999751436338)(22,187.23)(23,61.80253783071811)(24,46.24)(25,45.784024606699106)(26,0.0)(27,102.66288572379248)(28,30.72)(29,20.256929762881228)(30,0.04)(31,0.0)(32,276.48)(33,91.2758478597864)(34,67.28)(35,0.0)(36,59.29)(37,0.0)(38,118.58)(39,58.71169082375253)(40,0.0)(41,2.5271343115348217)(42,0.0)(43,19.159410542223625)(44,0.0)(45,80.21940626745015)(46,142.83)(47,94.28229498861546)(48,1.92)(49,0.0)(50,46.24)(51,0.0)(52,36.0)(53,35.64060173440587)(54,0.0)(55,3.8674962091689804)(56,84.5)(57,0.0)(58,35.28)(59,17.45604175748874)(60,0.04)(61,0.0)(62,0.0)(63,45.608003042437325)(64,35.28)(65,0.0)(66,0.0)(67,0.0)(68,0.0)(69,0.0)(70,0.0)(71,8.900802915756252)(72,131.22)(73,0.0)(74,6.76)(75,0.0)(76,81.92)(77,81.10748846173796)(78,4.0)(79,3.951760134960745)(80,0.0)(81,0.0)(82,0.0)(83,21.86312210027925)(84,28.88)(85,28.57431519508846)(86,4.41)(87,4.357469384468322)(88,131.22)(89,64.97266930752544)(90,0.0)(91,0.0)(92,88.36)(93,0.0)(94,25.0)(95,0.0)(96,2.89)(97,0.0)(98,147.0)(99,48.51809149937678)(100,0.0)(101,7.207968348182995)(102,172.98)(103,85.65843203504627)(104,0.18)(105,0.0)(106,128.0)(107,63.377693010391546)(108,5.88)(109,0.0)(110,2.42)(111,0.0)(112,0.0)(113,73.24486755510145)(114,0.0)(115,0.0)(116,0.0)(117,55.61143077564465)(118,0.0)(119,0.0)(120,8.82)(121,0.0)(122,2.88)(123,0.0)(124,0.0)(125,51.33144286189624)(126,3.38)(127,0.0)(128,0.0)(129,2.2205306493294374)(130,0.0)(131,251.47680698516143)(132,10.89)(133,10.772027540473454)(134,25.0)(135,49.49044743095764)(136,38.72)(137,19.159410542223625)(138,0.0)(139,0.0)(140,0.09)(141,0.0)(142,31.36)(143,31.044597117309785)(144,2.0)(145,0.9848291002090919)(146,0.0)(147,167.65120465677427)(148,86.49)(149,0.0)(150,0.0)(151,76.1150614954331)(152,82.81)(153,0.0)(154,7.29)(155,14.41593669636599)(156,0.0)(157,43.7262442005585)(158,0.03)(159,0.0)
