% MSE
(0,1271.1105392787656)

(1,694.5010825105855)

(2,613.0206298771515)

(3,541.5950486900397)

(4,479.48302883946434)

(5,425.9205146149363)

(6,380.12434752742365)

(7,341.30768231396996)

(8,308.6947057576149)

(9,281.53411407696007)

(10,259.1109008547868)

(11,240.75609788292277)

(12,225.85422386115323)

(13,213.8483232081317)

(14,204.2426098004754)

(15,196.60285779311727)

(16,190.55479347979994)

(17,185.7808294383699)

(18,182.01553840211992)

(19,179.04028610944513)

(20,176.67743023538517)

(21,174.78445048961683)

(22,173.24831023694892)

(23,171.98027173734212)

(24,170.91130516078545)

(25,169.98815501164546)

(26,169.1700636338111)

(27,168.42610441898867)

(28,167.73304851883194)

(29,167.07367687488195)

(30,166.43545143343212)

(31,165.80947950998507)

(32,165.18985839319836)

(33,164.5756469015546)

(34,164.01483666968687)

(35,1009.305553100377)

(36,501.4469249553063)

(37,448.52822849470834)

(38,402.002117964742)

(39,361.4388562665734)

(40,326.39070828608726)

(41,296.3900289226006)

(42,270.95861111748684)

(43,249.61694101690472)

(44,231.89301395327803)

(45,217.3304152547812)

(46,205.49540601657304)

(47,195.982805065154)

(48,188.42052170105225)

(49,182.47266518648715)

(50,177.84123124021278)

(51,174.26643748159591)

(52,171.52584343698743)

(53,169.43244170382687)

(54,167.83194171698685)

(55,166.5994844552158)

(56,9958.820242918166)

(57,1279.51182046997)

(58,1144.051847580928)

(59,1020.2114670444096)

(60,907.5595197379372)

(61,805.7856689044426)

(62,714.4952420639931)

(63,633.2166583687155)

(64,561.4111417191062)

(65,498.48385639067664)

(66,443.79613502259366)

(67,396.6784204131356)

(68,356.44350392968)

(69,322.3996241182572)

(70,293.8629920104739)

(71,270.1693358224838)

(72,250.68410664555844)

(73,234.81105591545378)

(74,221.99898069946116)

(75,211.74652840619984)

(76,203.60505158780398)

(77,197.17959881564158)

(78,192.12821221301087)

(79,188.1597701997578)

(80,185.03066110025426)

(81,182.54059736774047)

(82,180.52788146526223)

% MSE_test
(0,1441.5359701205239)(1,767.817512217454)(2,689.2588792808236)(3,619.7154758662998)(4,559.1403278345256)(5,506.7713006958856)(6,461.87549384551306)(7,423.7088068080771)(8,391.53778376299215)(9,364.6506402314439)(10,342.3689548139495)(11,324.05675052971355)(12,309.1277101557446)(13,297.0499996475049)(14,287.34892362177135)(15,279.6074132084856)(16,273.4646753788288)(17,268.6132448801758)(18,264.7948807849684)(19,261.795623541298)(20,259.4404798348346)(21,257.58796099949296)(22,256.12491781845324)(23,254.96162019934883)(24,254.02765434935137)(25,253.26786515952287)(26,252.64003598707583)(27,252.11052709828627)(28,251.65671578091585)(29,251.25323261715337)(30,250.90541206652665)(31,250.54097018507298)(32,250.36312589116304)(33,249.60491664605976)(34,251.26887656391594)(35,1124.4767141645682)(36,534.8249929978368)(37,485.7386635391965)(38,442.40380281265834)(39,404.96212453149224)(40,372.9348835762119)(41,345.864480628302)(42,323.2754034701187)(43,304.6903728815999)(44,289.63756856977545)(45,277.6592091459269)(46,268.3186001851988)(47,261.2063182333029)(48,255.94500174332305)(49,252.1928540773547)(50,249.6457198370367)(51,248.03786918211344)(52,247.14152985144352)(53,246.76539406729052)(54,246.75222806788815)(55,246.97588342933847)(56,9814.630212810453)(57,1051.5372332973575)(58,946.1318721772293)(59,849.3684553298721)(60,762.3695350672248)(61,684.6703227161186)(62,615.8637273503689)(63,555.4606241594129)(64,502.9226294441285)(65,457.66803438340935)(66,419.0854026265827)(67,386.5453434998021)(68,359.4132271445749)(69,337.06102093588345)(70,318.87858796580855)(71,304.2836044433194)(72,292.7301314420804)(73,283.71531398792195)(74,276.7843404442337)(75,271.53331843677495)(76,267.61047035693883)(77,264.7153260088159)(78,262.5968024707879)(79,261.04938084616157)(80,259.9095407574688)(81,259.0492864127972)(82,258.37422147121566)

% MSSE
(0,1325.09)(1,622.6401142410883)(2,454.6650030134419)(3,492.5596731479111)(4,288.3651598943194)(5,250.34601014966586)(6,274.19280472960054)(7,209.40571440782435)(8,142.08324506327435)(9,144.86080854372153)(10,139.89002407130513)(11,129.72634701277616)(12,73.83374362100618)(13,86.42816499686138)(14,92.92195907842051)(15,73.37889768692007)(16,77.14317045366641)(17,24.06007776150065)(18,36.393002334207765)(19,59.92378912532623)(20,71.97759527682794)(21,8.707301910861087)(22,18.248751197675816)(23,5.048865457398887)(24,10.741740946507143)(25,8.442114596419263)(26,12.143027349811236)(27,21.350647001197167)(28,3.032187738463403)(29,31.642329030883666)(30,21.490680915296647)(31,5.865164788823174)(32,7.396268759889991)(33,7.210246557429726)(34,19.315725316968653)(35,1130.26)(36,480.2009068525347)(37,262.0247486724609)(38,233.38722766877356)(39,228.14324988065476)(40,158.59464103166343)(41,133.6071922710104)(42,113.78666266338043)(43,85.63385284872999)(44,83.88709546173712)(45,80.1175359145688)(46,145.99374395783187)(47,62.48701062696818)(48,29.41788675449511)(49,10.601970610480873)(50,30.632056265554162)(51,22.80940256488138)(52,13.837500040397813)(53,48.53248530322288)(54,54.51258076291878)(55,91.31554015669295)(56,11110.82)(57,1293.1219259923814)(58,1338.1268941672784)(59,1104.597812928694)(60,933.7400372159486)(61,775.65563676093)(62,710.5106168542943)(63,573.279251810274)(64,464.9728548907024)(65,497.2395141290665)(66,344.67723233598343)(67,324.528106883962)(68,204.3287615445987)(69,253.50562943372938)(70,252.11357840488216)(71,154.36171492343263)(72,106.49450214893031)(73,89.32297334437712)(74,80.39603037343329)(75,127.16388919425921)(76,148.09489630453672)(77,42.10914216687912)(78,75.34018449437217)(79,79.76232134974633)(80,34.52742861745127)(81,100.77277239109104)(82,31.737039085198976)
