% MSE
(0,5136.14671068108)

(1,1924.99460099098)

(2,1371.6047081821662)

(3,1215.1700987437407)

(4,1122.0680547591635)

(5,1048.7674149201778)

(6,988.3537678383419)

(7,938.0577785476622)

(8,895.8671444979764)

(9,860.1976186929076)

(10,829.8111813711955)

(11,803.7511216445032)

(12,781.2828450218478)

(13,761.8419119045552)

(14,744.9904375516827)

(15,730.3821322239216)

(16,717.7355496798027)

(17,706.8146030377776)

(18,697.4151122022572)

(19,689.3560494358098)

(20,682.474210046427)

(21,676.621202723489)

(22,671.661876866285)

(23,667.4735377360578)

(24,663.9455123126262)

(25,660.9788011134292)

(26,4134.314041831497)

(27,2928.420003094101)

(28,2413.2120553567393)

(29,2063.5276613077076)

(30,1790.3289106561253)

(31,1571.9236397132477)

(32,1396.7690514134067)

(33,1256.0044316563053)

(34,1142.499841908085)

(35,1050.574073581346)

(36,975.7627081698118)

(37,914.5967625132688)

(38,864.3991291271494)

(39,823.1058577821273)

(40,789.1161595374665)

(41,761.1720060657993)

(42,738.2657346148949)

(43,719.5723156111577)

(44,704.401939660224)

(45,692.1682725171763)

(46,682.3679720387543)

(47,674.5676807595607)

(48,668.3955179619122)

(49,663.5349379272691)

(50,659.7195820393753)

(51,656.7283659326657)

(52,654.380486810229)

(53,5849.754441930965)

(54,2034.4304569350593)

(55,1325.5134011988548)

(56,1101.957756777285)

(57,971.8967502809106)

(58,879.8142371884448)

(59,813.4293954504615)

(60,766.0825708284259)

(61,732.7310791619067)

(62,709.4720293998171)

(63,693.3474128483912)

(64,682.1708727754475)

(65,674.3677294014934)

(66,668.833205909533)

(67,664.8120305394692)

(68,661.8003708297907)

(69,659.4692124415984)

(70,657.6069617844283)

(71,656.0782626166499)

(72,654.7957288215947)

(73,653.7014093516201)

(74,652.7551882443896)

(75,651.9278516893992)

(76,651.1971136676153)

(77,650.5454020331897)

(78,649.9586236378351)

(79,649.4254365324729)

(80,648.936767424856)

(81,648.4854430351309)

(82,648.0658775115813)

% MSE_test
(0,4510.545819601766)(1,1742.6904628715738)(2,1306.764324459549)(3,1174.967364442304)(4,1078.8904172941402)(5,995.9299806644302)(6,925.9605244129349)(7,868.0890365911952)(8,820.5579065354484)(9,781.578397003596)(10,749.6152578892161)(11,723.4192239003794)(12,701.9885784974301)(13,684.5202156906694)(14,670.3655860759479)(15,658.9943956659163)(16,649.966052057482)(17,642.9081035642637)(18,637.5005988444128)(19,633.4651698320455)(20,630.5576661499495)(21,628.5632988867429)(22,627.2934381993759)(23,626.5834119625758)(24,626.2908421888143)(25,626.2942151708824)(26,4282.999050187877)(27,3182.7850043083595)(28,2654.019977045739)(29,2257.4027083878314)(30,1932.5205159660088)(31,1667.2665333638547)(32,1452.670010222712)(33,1279.9112580703763)(34,1141.1044720707303)(35,1029.6415140474767)(36,940.1591989326222)(37,868.3717126430404)(38,810.8778730897374)(39,764.9815909125161)(40,728.5372634058081)(41,699.8228224057732)(42,677.4396023285439)(43,660.236294966543)(44,647.2531833830162)(45,637.6824349474705)(46,630.8403549190759)(47,626.1479931865819)(48,623.1171885601765)(49,621.3398808105852)(50,620.4792131278634)(51,620.2615234029169)(52,620.4687572031731)(53,4832.978326003164)(54,1679.425482292616)(55,1180.7819560236057)(56,1027.8094066195308)(57,921.7539834994324)(58,838.253359126063)(59,775.5700083572602)(60,730.3818597202746)(61,698.6114062735359)(62,676.629145956942)(63,661.5750430699364)(64,651.3181909539755)(65,644.3243268441772)(66,639.5189506108128)(67,636.1685184082847)(68,633.7838013351652)(69,632.0447262497795)(70,630.7443825868667)(71,629.7491021144073)(72,628.9712579157439)(73,628.3515711298975)(74,627.8481275091887)(75,627.4298566476208)(76,627.0728011953439)(77,626.758021119986)(78,626.4703951794146)(79,626.1978859817945)(80,625.9310363315898)(81,625.6625847241303)(82,625.3871514604418)

% MSSE
(0,4578.22)(1,1338.41017618104)(2,1045.137873542737)(3,849.0565842351187)(4,903.7713317011043)(5,729.9747259973873)(6,507.0485587448634)(7,524.4518157192739)(8,452.43886976004825)(9,377.34828869836207)(10,281.93629479234244)(11,188.95775712833338)(12,205.75894493392173)(13,175.58710033969405)(14,156.66485340528206)(15,144.88882815073433)(16,103.46566387896375)(17,150.19655124828338)(18,100.91594073880286)(19,86.56300596155138)(20,93.97600585839069)(21,50.218127603409)(22,119.98916451123813)(23,52.25067403943075)(24,55.13678745476892)(25,78.69946202378571)(26,4512.97)(27,3429.244446043784)(28,2366.6980966858778)(29,2508.750717504531)(30,1940.8168280737289)(31,1339.4257260735365)(32,1150.0009094273162)(33,1122.1802784375234)(34,881.8655966865321)(35,616.2499928031847)(36,520.9784237541095)(37,493.6866200566833)(38,420.9144081481944)(39,355.61320061181095)(40,207.77992221272186)(41,214.8182671868051)(42,204.80182855323775)(43,104.83349946142255)(44,114.90614334180303)(45,137.73737551672158)(46,62.04606630228038)(47,59.7562106968454)(48,43.42657242865536)(49,74.72057840531697)(50,65.30587236150045)(51,68.49322756492073)(52,77.58985344497063)(53,4088.45)(54,411.86012907286784)(55,467.8623417637458)(56,302.26485577105706)(57,276.47120237360895)(58,213.28803067838675)(59,141.81103232412843)(60,136.4713097128863)(61,114.83917844129105)(62,100.65773527469699)(63,93.05198948027866)(64,91.95380853603119)(65,86.26717949304383)(66,55.727360169570794)(67,59.09757644738674)(68,78.73347353771905)(69,61.672365070966656)(70,56.84414516765138)(71,67.30544851093627)(72,40.263745524823186)(73,52.85258962828458)(74,44.63540884205303)(75,63.752839615328604)(76,52.481655537167974)(77,61.90586051061332)(78,37.45669266208451)(79,56.77797090788119)(80,50.81122936890824)(81,56.40999301940994)(82,57.7269920741928)
