% MSE
(0,1844.0507071421232)

(1,673.7277725180119)

(2,233.3310157254678)

(3,78.46280642466128)

(4,27.849125126016535)

(5,12.554186781259101)

(6,8.284987003445508)

(7,962.427186686459)

(8,372.9592322136843)

(9,150.96255298230358)

(10,72.70416813507244)

(11,46.921063015833894)

(12,38.90707337936336)

(13,36.43151230825457)

(14,901.9548243454489)

(15,331.50528948742175)

(16,116.82718467197597)

(17,41.317174639667535)

(18,16.620680875426103)

(19,9.137766255415078)

(20,7.027777049711622)

(21,4822.511092867634)

(22,1752.2037795308058)

(23,596.915363106803)

(24,190.7367878075806)

(25,58.08275348538587)

(26,18.09541296611128)

(27,7.040469545605031)

(28,4.246156098469986)

(29,2827.3692349109515)

(30,1026.1223679680659)

(31,348.36345467945625)

(32,110.08671587994255)

(33,32.279754814533135)

(34,8.838418151760322)

(35,2.37161988532273)

(36,1084.860962122823)

(37,409.72496459908666)

(38,155.55754713431793)

(39,66.05786963692555)

(40,36.67825428012593)

(41,27.660658143335546)

(42,24.99419116496133)

(43,3087.25873464817)

(44,1123.6445236875254)

(45,384.764477947515)

(46,124.97067892313316)

(47,40.106290090394666)

(48,14.505079766062668)

(49,7.406254266321466)

(50,643.9086748390823)

(51,233.9150788082657)

(52,79.64503588566981)

(53,25.408021735198353)

(54,7.696404732138985)

(55,2.3592014075261485)

(56,1362.9301695010631)

(57,506.581270592005)

(58,184.26234691374674)

(59,70.8394884324545)

(60,33.687398949331694)

(61,22.370586353131927)

(62,19.11547070729542)

(63,3173.414486371903)

(64,1152.1292544513992)

(65,391.5723947087013)

(66,124.18280065979948)

(67,36.86506672760502)

(68,10.553787506178594)

(69,3.290329439754511)

(70,75.76855851807207)

(71,55.60875966260707)

(72,47.79018576333007)

(73,44.789880012865204)

(74,43.5388899296747)

(75,42.86986257824811)

(76,42.37113768676827)

(77,41.908904757831735)

(78,41.44323151445569)

(79,40.96311381445646)

(80,40.46561310027148)

(81,39.949815160527514)

(82,39.41527102079025)

(83,38.86164471180568)

(84,38.28864704349292)

(85,37.69602833622411)

(86,37.08358171299147)

(87,36.4511481807838)

(88,35.79862216848905)

(89,35.12595734251456)

(90,34.43317266075838)

% MSE_test
(0,1805.038449728624)(1,728.512411757467)(2,340.8598263292491)(3,215.75881312615203)(4,181.83394395743198)(5,175.73428144364283)(6,176.39902771695787)(7,972.6729357923982)(8,437.37961699893225)(9,246.46574131691438)(10,186.09651515368492)(11,170.56550050836265)(12,168.37582361292283)(13,169.1897314756716)(14,924.6504971225571)(15,414.44875879393345)(16,234.6823581931043)(17,179.32323605474974)(18,166.10114516703047)(19,165.00634545558046)(20,166.34962637068267)(21,4572.225778066477)(22,1701.5477222817563)(23,655.1296778861478)(24,308.897397667065)(25,209.2361238012586)(26,187.1765532974125)(27,185.62508572176245)(28,187.69610928793728)(29,2700.396021678861)(30,1031.8262774561535)(31,427.79072764191426)(32,230.71240132931254)(33,175.81613698681332)(34,164.9027032727307)(35,165.0952061843071)(36,1112.1683739247978)(37,498.38223382555685)(38,279.3076600818956)(39,209.91945798809985)(40,191.98864065054232)(41,189.4003249779775)(42,190.28924096072404)(43,2944.7370086995247)(44,1131.5433951568323)(45,476.6808748194358)(46,264.03196602874544)(47,205.4693804070246)(48,194.2919311612243)(49,194.8883696577645)(50,697.4714596820996)(51,342.0896799016373)(52,220.03877986166205)(53,184.62051748708905)(54,177.6908357553503)(55,178.35999352286524)(56,1362.9661143347914)(57,579.3740023251622)(58,298.3150786368831)(59,208.36062403768267)(60,184.47245612469607)(61,180.5404133937498)(62,181.31554443868023)(63,3017.9609394195077)(64,1144.3984360270074)(65,465.825841331236)(66,244.2062898509332)(67,182.32388253391878)(68,169.9155933558173)(69,170.04221252652434)(70,247.58210996389215)(71,220.91378952906487)(72,209.00132379185607)(73,203.60484370205293)(74,201.0922474782521)(75,199.88672202729882)(76,199.29663706325397)(77,199.00692791145607)(78,198.86634472058796)(79,198.79911735655736)(80,198.76675341266645)(81,198.75005126159022)(82,198.7398498653223)(83,198.73205014252295)(84,198.72495856359723)(85,198.71793839837372)(86,198.7107751853838)(87,198.70340547307904)(88,198.69581338971304)(89,198.68799624714305)(90,198.67995488041944)

% MSSE
(0,1802.07)(1,657.8163325062056)(2,223.36949967005933)(3,100.24293863035695)(4,57.734016777914576)(5,20.48731268223956)(6,13.524744755940912)(7,981.97)(8,349.9689675367374)(9,145.95874738285463)(10,42.85879385923262)(11,64.00865460835197)(12,106.05124141303709)(13,37.590899535629646)(14,870.25)(15,320.6297860271997)(16,116.74419265578999)(17,40.40085051762346)(18,24.0105084063905)(19,2.6173413580784306)(20,0.6014455095323445)(21,4730.67)(22,1638.9906990208844)(23,556.5957462941366)(24,170.54032816390307)(25,47.855154220231974)(26,14.701588735698756)(27,19.74623249131951)(28,5.622624675399399)(29,2690.0)(30,994.2868320630537)(31,332.4914717312053)(32,100.6493935440865)(33,28.378778474917215)(34,6.751800964403946)(35,1.6791981055915115)(36,1153.58)(37,400.610436550378)(38,163.41866585155955)(39,63.075765273974)(40,65.09427648901443)(41,206.6105033981044)(42,92.49754352094845)(43,2935.21)(44,1141.6768475509393)(45,351.6769751740734)(46,106.52416214090152)(47,50.73215808346413)(48,37.88483883630866)(49,23.840887140122632)(50,613.01)(51,219.44762470823073)(52,78.36884695150255)(53,20.711228420704753)(54,16.20378568901939)(55,24.54240128079421)(56,1355.67)(57,484.91285022013625)(58,176.34061377550512)(59,67.26539835898356)(60,90.0295167651846)(61,5.031999940235451)(62,37.60354274401584)(63,3034.57)(64,1116.6730716130605)(65,389.3956847616339)(66,114.53266059023922)(67,36.35562980644442)(68,10.920443408949351)(69,1.0823598144686477)(70,237.68)(71,70.2173431171877)(72,231.5040776263118)(73,73.9296593455799)(74,144.39774465923816)(75,42.593149476622585)(76,317.1186214109871)(77,56.02541281484362)(78,69.58905364503026)(79,199.5616308057548)(80,223.16428514577194)(81,117.24101845656968)(82,183.63444829872816)(83,105.652064613843)(84,254.63108002838496)(85,117.3864406691212)(86,73.24756197658287)(87,14.683654673691006)(88,113.63154581257905)(89,77.74293635522389)(90,201.2541744205192)
