% MSE
(0,150.66921751362344)

(1,117.14274471744922)

(2,113.14096330834536)

(3,110.67881150737205)

(4,108.21982961142828)

(5,105.7079009029473)

(6,103.14376293684522)

(7,100.52979666762181)

(8,97.86873330374378)

(9,95.16364743111696)

(10,92.41796303837248)

(11,89.63545671787864)

(12,86.82025758903833)

(13,83.97684355569872)

(14,81.11003352415055)

(15,78.22497523447994)

(16,75.32712839741163)

(17,72.42224288249295)

(18,69.51633177248615)

(19,66.61563918371253)

(20,63.72660285284601)

(21,60.85581160663758)

(22,58.00995796080946)

(23,55.1957862355157)

(24,52.42003672393861)

(25,49.68938660331122)

(26,47.01038842841436)

(27,44.3894071898608)

(28,41.83255704592193)

(29,231.15710758362067)

(30,191.25628414778402)

(31,185.3638628542757)

(32,181.21526750178694)

(33,177.03985788767)

(34,172.77391184838768)

(35,168.41942899578652)

(36,163.98048261270972)

(37,159.4617347695619)

(38,154.8684332948455)

(39,150.2064222708915)

(40,145.48214771055956)

(41,140.70265767660305)

(42,135.8755961826392)

(43,131.00919023900573)

(44,126.11222945084126)

(45,121.19403764192657)

(46,116.26443606832899)

(47,111.33369790232965)

(48,106.41249381043866)

(49,101.51182861957705)

(50,96.64296926162461)

(51,91.81736440608107)

(52,87.04655642954056)

(53,82.3420866233448)

(54,77.71539479961673)

(55,73.1777147115603)

(56,68.73996694543635)

(57,64.4126511565788)

(58,60.205739696848184)

(59,56.12857480239521)

(60,52.189771565413174)

(61,48.39712889015968)

(62,44.757550523092256)

(63,41.27697804457548)

(64,37.960337415479835)

(65,34.81150029242899)

(66,31.833260873631158)

(67,29.02732853338962)

(68,26.3943359744567)

(69,23.933862105819493)

(70,21.6444683754523)

(71,19.52374689450806)

(72,17.568378541369363)

(73,15.774203046111335)

(74,14.136431189482257)

(75,1339.5197230826514)

(76,317.7532053013325)

(77,258.818597065485)

(78,251.7384428346847)

(79,246.45375997251392)

(80,241.08302638775717)

(81,235.58585316221132)

(82,229.96544567807246)

% MSE_test
(0,47.3830342203603)(1,14.603676326159922)(2,12.353385839708373)(3,11.897169043044915)(4,11.53980082600193)(5,11.190786160064706)(6,10.843939269523881)(7,10.49962739492424)(8,10.15899910917844)(9,9.823324148234336)(10,9.493934834048934)(11,9.172218644057665)(12,8.859610452301553)(13,8.557583161217389)(14,8.267636729449542)(15,7.991285557259978)(16,7.730044234112212)(17,7.48541169009397)(18,7.258853839155833)(19,7.051784853359403)(20,6.865547264265619)(21,6.70139114849876)(22,6.560452718294338)(23,6.443732702192438)(24,6.352074963693113)(25,6.286145863400724)(26,6.246414919706224)(27,6.233137360230097)(28,6.2463391773892765)(29,83.18112145835228)(30,44.26454734317227)(31,40.86878573805312)(32,39.610082467744135)(33,38.466050015079546)(34,37.31756493177559)(35,36.15534737517653)(36,34.98010166825269)(37,33.793841422599435)(38,32.59884549842768)(39,31.39756984933424)(40,30.19264071506551)(41,28.98684714258125)(42,27.783130731894914)(43,26.584572532712613)(44,25.394376941660514)(45,24.215852510702216)(46,23.05238962966913)(47,21.907435113568926)(48,20.784463802072867)(49,19.686947365864754)(50,18.618320609944902)(51,17.581945666125453)(52,16.581074572562407)(53,15.61881084399407)(54,14.69807073760113)(55,13.821545011246894)(56,12.991662047007349)(57,12.210553267720595)(58,11.480021800454402)(59,10.801515333756498)(60,10.176104067078176)(61,9.604464562602411)(62,9.086870166973743)(63,8.62318850407855)(64,8.21288627437556)(65,7.855041460355551)(66,7.548362371251897)(67,7.29121396118231)(68,7.081646908094218)(69,6.917442684612563)(70,6.796113408487075)(71,6.715121949917965)(72,6.67105395627609)(73,6.664144819380511)(74,6.673916020330474)(75,1155.6362330918869)(76,123.7685569074056)(77,66.54226208794339)(78,62.82293240989839)(79,61.26574671921981)(80,59.7657699870514)(81,58.24320875592042)(82,56.694413272089385)

% MSSE
(0,62.02)(1,67.35504260570383)(2,101.44618083303786)(3,48.84812791738828)(4,28.923644304444153)(5,51.53895480311709)(6,128.49226408510904)(7,21.399572674660625)(8,41.85610525952542)(9,39.45368198652408)(10,39.05275821475777)(11,93.48373521193088)(12,70.03278475244157)(13,30.250064258134813)(14,18.104707747253507)(15,31.788099324745488)(16,16.16913101635224)(17,42.219581963096864)(18,70.40832656596481)(19,54.17933905777932)(20,11.070900248760765)(21,10.483236961427217)(22,33.79749389925391)(23,7.739966602416098)(24,8.425645197646599)(25,20.42720208939961)(26,0.13683704935691104)(27,35.622726691423914)(28,14.258867071819498)(29,102.28)(30,17.244566582372038)(31,66.43538502081981)(32,118.31246395792013)(33,44.18792768328507)(34,57.77808270482578)(35,127.95522158994538)(36,53.48229937841684)(37,163.16358489017094)(38,24.855248078278613)(39,96.61741832840264)(40,102.49354436636864)(41,54.70840723674586)(42,33.27988374050178)(43,111.36197471921332)(44,48.22183869303771)(45,31.355361961064318)(46,8.31615157980001)(47,28.719252360415794)(48,66.71289584731903)(49,37.3587765886649)(50,24.196526499974166)(51,5.632201863320879)(52,6.03347354696931)(53,13.836849043334665)(54,19.28949256464888)(55,18.2803118588345)(56,25.02230624898582)(57,44.14961126222125)(58,30.933824806214922)(59,46.68278110808796)(60,3.791836725473024)(61,11.553143968757006)(62,4.063994686780648)(63,28.210379510375756)(64,26.275728502025007)(65,9.67113137445552)(66,3.0098391216840628)(67,6.4288147550382755)(68,20.657961104220465)(69,0.2591154625266486)(70,4.42304446709954)(71,2.674219356422218)(72,2.7433680706134242)(73,4.2428091712498315)(74,0.37752409506523704)(75,1123.38)(76,106.81507445232896)(77,0.017562583916026706)(78,100.87867732881465)(79,120.19409432509701)(80,47.23328871043406)(81,115.88270455380527)(82,22.33075222463491)
