% MSE
(0,7730.8074969532645)

(1,1544.5304084985964)

(2,823.9323007094357)

(3,645.5100558888573)

(4,554.1431347267874)

(5,489.3932396193782)

(6,439.14239116407884)

(7,399.23842246411425)

(8,367.3621228817382)

(9,341.8506737329782)

(10,321.4155831173988)

(11,305.06335983699137)

(12,292.0979928428951)

(13,282.24626105259296)

(14,276.1672841980557)

(15,8999.35647049246)

(16,1769.867261563864)

(17,929.1527906334535)

(18,720.7188324301025)

(19,612.8488376170396)

(20,535.2745310845569)

(21,474.1743794340045)

(22,424.9844608206092)

(23,385.2264175321955)

(24,353.1328661279162)

(25,327.3207117632873)

(26,306.70324213669915)

(27,290.4992476014586)

(28,278.38672445198523)

(29,271.1063760783769)

(30,14913.943858937233)

(31,3779.038196204443)

(32,2220.365369933115)

(33,1672.8515303675929)

(34,1333.2071107268077)

(35,1085.1547045720117)

(36,897.9103695983423)

(37,756.0570605116128)

(38,648.8047209948268)

(39,567.8216646969572)

(40,506.59432166733103)

(41,460.12538388006266)

(42,424.77103174242217)

(43,398.2977251867967)

(44,380.61976676200663)

(45,377.0783607009597)

(46,26062.40892385771)

(47,3842.0470607610137)

(48,1502.450384263143)

(49,1081.602732876511)

(50,927.9292207129081)

(51,829.6521671567684)

(52,750.3884206071325)

(53,681.8265623023294)

(54,621.3591205750739)

(55,567.8352484001987)

(56,520.6009015960398)

(57,479.29493703537713)

(58,443.95326904520635)

(59,6022.86791019794)

(60,1599.0320854568804)

(61,1021.6972146918123)

(62,836.5502905146674)

(63,722.4824664553093)

(64,635.366587977193)

(65,565.2077459694624)

(66,507.83871846939167)

(67,460.602167596756)

(68,421.5023384172032)

(69,388.9803757072788)

(70,361.83023444555306)

(71,339.1722301085589)

(72,320.5145403898206)

(73,306.08710860622904)

(74,8792.998987483315)

(75,1815.9378266942624)

(76,1036.297348648511)

(77,859.7062740274068)

(78,771.2892450454365)

(79,704.5856583532983)

(80,647.7885835093392)

(81,597.8685958402792)

(82,553.610221215954)

(83,514.2901571092215)

(84,479.37807166907487)

(85,448.4717818008834)

% MSE_test
(0,7750.793978471045)(1,1316.121007208199)(2,892.9969096701725)(3,634.7949275466435)(4,590.9513040694069)(5,512.3748673794205)(6,481.3063348105528)(7,440.4871995366174)(8,421.3194715205163)(9,397.2392570831041)(10,386.91993546273096)(11,370.98840914848654)(12,367.11258651785425)(13,354.46398249317184)(14,358.77825580638137)(15,9246.353582320475)(16,1657.1661162412636)(17,1139.2553621951222)(18,803.2863908834902)(19,728.593298219566)(20,613.2889186172355)(21,559.0663113834122)(22,495.0836971509986)(23,460.339475823145)(24,421.4553934638344)(25,401.7312883678385)(26,376.5216115835633)(27,367.9827307703283)(28,349.4425424310944)(29,353.2929498144049)(30,13179.862575366269)(31,4152.570677826011)(32,2314.651070821932)(33,1972.6626686568102)(34,1587.2966618574362)(35,1408.7873207474993)(36,1217.856338905005)(37,1112.1893932511239)(38,1002.9080118966081)(39,941.3823325987536)(40,870.2006578096349)(41,833.2219873523057)(42,776.9765195805661)(43,757.2127311110303)(44,703.2685765940978)(45,716.0625597791852)(46,24316.10844534178)(47,2771.1481044555376)(48,1115.4499677292947)(49,610.6847342590205)(50,594.7427488229056)(51,506.65425096449405)(52,500.14667965404885)(53,457.7620769344751)(54,450.5083972737504)(55,422.05071867227423)(56,418.3917984790935)(57,395.7591775958339)(58,399.1421697354827)(59,5723.16112331266)(60,1205.3559228570357)(61,823.1124071436982)(62,603.3083425295345)(63,534.8209906706841)(64,457.1509512038502)(65,418.15539257976036)(66,379.6175863467463)(67,359.8348818997469)(68,340.1940927732307)(69,332.00140510374246)(70,321.3553142354228)(71,319.9364623680902)(72,312.52271151488355)(73,317.65547690912103)(74,8471.890871843394)(75,1620.8661445466735)(76,1083.5441276694853)(77,878.4732666919436)(78,837.8859569244319)(79,775.8885001498487)(80,742.355600402458)(81,700.8610629848565)(82,671.6355373321131)(83,639.040881966577)(84,614.5200610501482)(85,587.4973295369177)

% MSSE
(0,7768.89)(1,1345.0611218260601)(2,677.4065502473163)(3,557.9988655062684)(4,334.9455654156471)(5,353.64843597230305)(6,236.0793121436497)(7,176.42593049830032)(8,184.27279924064285)(9,101.87622737635989)(10,106.55586584773287)(11,104.33805631121541)(12,94.83947637651983)(13,68.71185940913831)(14,73.34170331798232)(15,8807.31)(16,1563.2078551272234)(17,742.0492064318695)(18,488.5028531271682)(19,421.5257196613324)(20,356.60993362246796)(21,321.3804541309513)(22,211.31935688909255)(23,174.6978624970652)(24,158.93509537077355)(25,142.19672598283262)(26,101.94495102378077)(27,82.11354559871272)(28,76.85541696520674)(29,55.755926063095266)(30,13798.49)(31,3562.12125075127)(32,2540.9883834098046)(33,1705.8426984830915)(34,1500.0326426671775)(35,1381.3284238936374)(36,898.2786795869744)(37,716.3039942475353)(38,824.8387932258066)(39,573.9403088185123)(40,458.3827171509202)(41,424.59309001414476)(42,434.8976022879535)(43,393.9853312977237)(44,235.8926229662262)(45,282.77510654487435)(46,24862.99)(47,4605.796949759348)(48,1027.5160963712065)(49,745.1701231256775)(50,479.2462540993208)(51,259.7600639525033)(52,540.8073939686969)(53,606.9972002250266)(54,275.93685625978253)(55,356.2838020708491)(56,189.01213377015733)(57,179.28049788075924)(58,192.18103596712834)(59,6208.26)(60,1615.09710405017)(61,884.8486458028398)(62,633.1722347551997)(63,407.7895334008179)(64,340.814898044999)(65,315.74031745851727)(66,274.0712869473484)(67,202.91069028701713)(68,144.92599696329958)(69,158.61336104943592)(70,134.08688131851653)(71,75.71762608908423)(72,86.97049349703134)(73,63.55041701932036)(74,8845.47)(75,1875.8115554371275)(76,756.2808164152366)(77,852.6823142257701)(78,561.1605565483804)(79,495.1952050011276)(80,383.44540654982245)(81,300.2543868341407)(82,397.0197662879916)(83,406.4156342124064)(84,289.62002782863783)(85,207.48783447490973)
