% MSE
(0,3712.7494738480004)

(1,2373.7724345497)

(2,1695.112750653197)

(3,1314.354512564053)

(4,1090.258955231573)

(5,951.6794353782872)

(6,860.7540016663924)

(7,797.3132734163275)

(8,750.6388364347836)

(9,714.9639741498876)

(10,687.1196456253724)

(11,665.4757720217932)

(12,649.898529024009)

(13,6906.330722491481)

(14,4434.281290813916)

(15,3155.3793286276787)

(16,2377.043391619921)

(17,1869.6343828636584)

(18,1523.0418252525828)

(19,1277.4252753865103)

(20,1098.6756119321433)

(21,966.5280325349028)

(22,868.2993740232951)

(23,795.6909470460774)

(24,743.4964841150253)

(25,710.122874264314)

(26,6143.079075842381)

(27,3309.6386850973618)

(28,2257.9016129047104)

(29,1733.6813991909669)

(30,1437.0733214099248)

(31,1255.0776790426087)

(32,1134.738970568302)

(33,1049.3997052443842)

(34,985.3794698191226)

(35,935.6845116724758)

(36,897.1243823098334)

(37,4739.050844398605)

(38,2999.6389894797935)

(39,2057.9667089884874)

(40,1560.026811769335)

(41,1299.9940108700848)

(42,1162.3220794146962)

(43,1084.9140104119833)

(44,1035.9551360117591)

(45,999.9602946822226)

(46,969.7927283623242)

(47,942.3481965771493)

(48,916.3601526650599)

(49,891.3640449155731)

(50,867.2823288291481)

(51,844.4412750209387)

(52,824.4208276502413)

(53,814.5515530178604)

(54,6323.651872452327)

(55,3768.1956004715944)

(56,2622.9287126587583)

(57,2011.1830210136359)

(58,1657.2910832646635)

(59,1436.7593566891499)

(60,1286.9791141420178)

(61,1176.1554347612728)

(62,1088.41241820182)

(63,1016.0011215880343)

(64,955.3729687328477)

(65,905.6770785310346)

(66,4670.505755543099)

(67,1642.4268863246489)

(68,1032.034382517095)

(69,840.4320144671684)

(70,750.6556055744221)

(71,8165.842643053427)

(72,3648.395719478796)

(73,2489.4095008580084)

(74,1964.2632730454204)

(75,1631.3167251815205)

(76,1390.0462790732813)

(77,1207.1960362472146)

(78,1067.070045405168)

(79,960.2312774642373)

(80,880.5742577786633)

(81,825.1210923960397)

(82,7405.373992836375)

(83,4563.306316554433)

(84,3303.404616560593)

(85,2530.007016996415)

(86,1995.7118194546579)

(87,1607.9561402461875)

% MSE_test
(0,4881.932196222428)(1,3232.3809138709566)(2,2492.413433459357)(3,1964.4365472782229)(4,1707.0750379173767)(5,1490.5857815273018)(6,1386.553440878721)(7,1271.6130925497143)(8,1224.7504635404484)(9,1142.893744388737)(10,1129.0828826395255)(11,1048.7567174966998)(12,1078.1705513849206)(13,8959.873338500338)(14,6440.092354298496)(15,4582.952397078778)(16,3562.322188739763)(17,2827.6347104156066)(18,2328.327322138924)(19,1982.8168094004957)(20,1710.3785619873463)(21,1538.7245135084677)(22,1369.8677836203528)(23,1297.784559741423)(24,1165.572069394321)(25,1187.2826365640913)(26,6435.8351400363)(27,3845.1944490498454)(28,2637.7812304477548)(29,2093.001713052782)(30,1781.2664690205438)(31,1581.27886191172)(32,1478.2607254661868)(33,1377.7217663244326)(34,1342.361082626649)(35,1268.0546173590321)(36,1272.2789079009915)(37,6298.825878889769)(38,4335.586784218063)(39,3350.691682482244)(40,2748.375930378573)(41,2437.9307174035716)(42,2231.1255903333586)(43,2110.4983989678717)(44,2007.075289412936)(45,1934.464564933454)(46,1855.7415605327724)(47,1797.5957069295118)(48,1722.8357663088807)(49,1676.0434336589783)(50,1593.5651393728226)(51,1572.3168032344158)(52,1453.6100872981197)(53,1532.197163516396)(54,6735.5641774549995)(55,5126.712436568396)(56,3400.2082936806705)(57,2991.9223338351876)(58,2419.8724862745717)(59,2277.6173486582475)(60,2001.6426326465858)(61,1942.5664300764793)(62,1748.6331684675883)(63,1733.2689680626268)(64,1548.7063744864013)(65,1596.680829881962)(66,5441.678033921965)(67,1815.5491617062091)(68,1560.3285093686347)(69,1151.0013757962774)(70,1182.0392355798865)(71,8524.493496851992)(72,5016.23594704598)(73,3329.585075650966)(74,2770.7550842395253)(75,2300.5341677388933)(76,1965.6526751061665)(77,1747.8163475947001)(78,1522.0728108641679)(79,1432.1442905558636)(80,1258.562034903114)(81,1275.6129344567394)(82,7321.960836585479)(83,5534.5534254486)(84,3617.2260071841124)(85,2927.066965355219)(86,2223.4784203763697)(87,1837.4989743557128)

% MSSE
(0,5214.83)(1,1782.0893044858803)(2,1637.6846055777712)(3,1378.7428934799195)(4,1183.540819710892)(5,950.177906590086)(6,907.8356367397963)(7,785.2629582912164)(8,653.9024559722321)(9,858.1443791048409)(10,621.4667679866055)(11,462.42468047461824)(12,434.1463710775548)(13,6014.44)(14,4855.623075185949)(15,3552.2148847185945)(16,2422.352860401489)(17,2426.434618708061)(18,1978.7708380467063)(19,1276.2157805756042)(20,1317.234985473587)(21,1284.9623288201788)(22,857.6900938358718)(23,978.0679450562413)(24,785.7354446518916)(25,656.6996261584785)(26,9739.95)(27,2897.9630530192035)(28,3048.5186762012872)(29,3123.519582308076)(30,1787.2719395425008)(31,1688.096792641815)(32,1854.9658340405542)(33,1202.875648394229)(34,1126.9295705665118)(35,654.0031771417742)(36,1191.7048256144292)(37,4657.37)(38,3625.001251781921)(39,2404.1249379962205)(40,1634.5835208687529)(41,1598.0092833900778)(42,1622.9561236968323)(43,1546.6729153411372)(44,1437.2386232354536)(45,1354.6910316868866)(46,1232.8728786952156)(47,1167.214462827462)(48,1131.3859847573046)(49,1046.5558098337137)(50,1002.1671662497337)(51,983.0955092805717)(52,814.0239236008597)(53,1135.3356921592715)(54,6787.75)(55,3738.8661349343583)(56,2892.0607130147873)(57,2003.3729419094325)(58,1581.7964589659796)(59,1768.6879361215044)(60,1367.9057861807153)(61,1214.275748359587)(62,1460.1421941939716)(63,1443.4116634656064)(64,1153.970345153629)(65,1040.7186447738554)(66,4887.0)(67,1259.7414224908066)(68,1053.5436666532298)(69,708.3732836975561)(70,540.154381778476)(71,8519.0)(72,5429.020471664222)(73,3361.410158471977)(74,2545.9045554993018)(75,2036.9683006373007)(76,1680.9703103149936)(77,1366.9253897881613)(78,1122.1902787108309)(79,1136.0880533849358)(80,895.4306263088656)(81,907.8286957174321)(82,7980.66)(83,3973.915402005844)(84,3344.560839543909)(85,2333.2147248554043)(86,2258.2579026488515)(87,1530.8328736950195)
