% MSE
(0,4148.103141606892)

(1,892.9474854210733)

(2,756.5260490533203)

(3,671.2205374932379)

(4,596.2664602239016)

(5,530.7742870588012)

(6,474.0037460613503)

(7,425.1882342995609)

(8,383.55046473129863)

(9,348.31777724558816)

(10,318.73647451513926)

(11,294.0846784370295)

(12,273.6832764642629)

(13,256.90462821407687)

(14,243.1788253336921)

(15,231.9974332510171)

(16,222.91478196631664)

(17,215.5470034992511)

(18,209.56912539232377)

(19,204.71061373766972)

(20,200.74980915012216)

(21,197.50771206305632)

(22,194.84155069096005)

(23,192.63851079837045)

(24,190.8099290003526)

(25,189.2861606925227)

(26,188.01224050057)

(27,186.94436715858876)

(28,186.04717369515097)

(29,3826.1959797515833)

(30,897.9794704965861)

(31,767.1776621733819)

(32,682.2797181718585)

(33,606.8566794183511)

(34,540.2343730657118)

(35,481.85666712716625)

(36,431.1257533827973)

(37,387.41460403167804)

(38,350.07984411171327)

(39,318.47451355693227)

(40,291.96027324942384)

(41,269.918631551448)

(42,251.7608148067507)

(43,236.9359753878426)

(44,224.93752009959763)

(45,215.30744426148482)

(46,207.63866519103584)

(47,201.57545482363594)

(48,196.8121664796138)

(49,193.09052780914436)

(50,190.19582489039303)

(51,187.95232792306757)

(52,186.2183063927921)

(53,184.88095334094257)

(54,183.85148940105404)

(55,4853.816571717083)

(56,1242.9108924606874)

(57,1052.06550338651)

(58,921.4325108835569)

(59,806.2225176093137)

(60,705.2840621278673)

(61,617.5984980836466)

(62,542.0920220047108)

(63,477.6577848592383)

(64,423.17812385003697)

(65,377.54603729344274)

(66,339.68515231318514)

(67,308.5675039767224)

(68,283.2285547321238)

(69,262.77902891905984)

(70,246.4133095325018)

(71,233.41433121008754)

(72,223.15509056999383)

(73,215.09706792823565)

(74,208.78599939863741)

(75,203.84554424837796)

(76,199.96945181643912)

(77,196.91284274184503)

(78,194.48318323097695)

(79,192.531455891266)

(80,190.94392725286795)

(81,189.63479363060844)

(82,188.5398669225782)

% MSE_test
(0,4019.5977135043713)(1,1271.7582657841658)(2,1141.3471219066882)(3,1007.658888387291)(4,885.1857328746585)(5,776.8137158931028)(6,681.7015927451841)(7,598.8638114542146)(8,527.2835762608084)(9,465.9299226023266)(10,413.77701085415544)(11,369.82172809494995)(12,333.0993362904926)(13,302.69666188163274)(14,277.7625148864936)(15,257.515168310009)(16,241.24689307302145)(17,228.32569798729673)(18,218.1945610301319)(19,210.36854566632718)(20,204.43026607563564)(21,200.02419502960086)(22,196.85029695080314)(23,194.65742318340344)(24,193.23683234739022)(25,192.41611064119863)(26,192.05366989807465)(27,192.03391709747547)(28,192.26310459638333)(29,3607.8297129403177)(30,1097.1649246224313)(31,980.2995840949134)(32,865.3502537229824)(33,760.1885940429987)(34,667.1294046192895)(35,585.5310780040996)(36,514.6181088941336)(37,453.5697751892576)(38,401.5347407656183)(39,357.64804740497254)(40,321.04744146711664)(41,290.88870219818)(42,266.35943178066594)(43,246.6908847774683)(44,231.1675122939493)(45,219.13402176099743)(46,209.99988752764435)(47,203.24138177638054)(48,198.40131993790575)(49,195.0868187414459)(50,192.9654421630819)(51,191.76015385935972)(52,191.24350504048232)(53,191.23146290451214)(54,191.57723662718647)(55,4978.24588390153)(56,1296.0211799284843)(57,1100.5666241482863)(58,972.8082548525912)(59,860.3743681381528)(60,761.3300685931479)(61,674.6921342963857)(62,599.4605991638614)(63,534.6096396514553)(64,479.1091765888428)(65,431.9440631206674)(66,392.1317793022509)(67,358.7378289524441)(68,330.88841642410847)(69,307.7800697367334)(70,288.68606577721715)(71,272.95968165260405)(72,260.03447009879096)(73,249.42190348557412)(74,240.70684925370054)(75,233.54141322989437)(76,227.63771745008802)(77,222.76016076352167)(78,218.71765430993858)(79,215.35623286507084)(80,212.55233761853802)(81,210.2069475686389)(82,208.24063702030386)

% MSSE
(0,5100.52)(1,940.4793634649786)(2,921.6479208425178)(3,827.3748299970463)(4,666.6603348896872)(5,633.7691735025926)(6,348.31038303702707)(7,478.9592702494012)(8,376.2642590613424)(9,302.9947437791963)(10,222.1223234173992)(11,218.34177747813322)(12,174.49372240819721)(13,145.42222427355264)(14,121.31203429458824)(15,98.13992322990067)(16,81.29075817163945)(17,69.1041311598893)(18,62.49675032243016)(19,58.24660231386854)(20,49.68084275649938)(21,43.65969724092904)(22,37.53309492030565)(23,38.706726500284155)(24,29.009354883456307)(25,32.59073756279197)(26,28.999921078785363)(27,24.382784100174362)(28,23.99676150381107)(29,3967.72)(30,991.1267451000217)(31,732.2778571488209)(32,731.7382696240556)(33,617.4263369603964)(34,495.9230202716039)(35,490.6430720868603)(36,261.66131546921815)(37,344.3506005644519)(38,239.99413528306494)(39,171.57754977952737)(40,199.81529208675266)(41,160.7306468470804)(42,104.90088963513921)(43,84.77455566998724)(44,88.85952082418886)(45,67.81082022078797)(46,57.584530352451104)(47,45.01885892292693)(48,34.62468888863276)(49,35.07245467722435)(50,32.854809561292036)(51,26.340063443042553)(52,23.362601412198668)(53,23.81387603894557)(54,20.50081702976875)(55,5430.16)(56,1333.9726643140814)(57,1214.430808460837)(58,700.9086354837514)(59,587.7586404097246)(60,523.2297624854549)(61,485.0923208400077)(62,438.78914223229725)(63,237.90665469945492)(64,314.2237946468675)(65,192.31260098052198)(66,167.54159765192932)(67,140.18442755539414)(68,94.9289736046451)(69,74.94583136297895)(70,61.11447763983758)(71,49.33057160419228)(72,42.0152914473424)(73,31.648728928513606)(74,20.75714286744518)(75,22.69699691859293)(76,16.929416006971554)(77,18.08744112704876)(78,13.963912641964647)(79,13.207242498807942)(80,16.463420405385403)(81,12.327932379016357)(82,12.996320907283808)
