% MSE
(0,1575.056716670812)

(1,937.9772721960397)

(2,900.6495980854589)

(3,867.5887010792553)

(4,838.4608911689489)

(5,813.00683468151)

(6,790.9477042367524)

(7,771.9910009029138)

(8,755.8367050769178)

(9,742.1834163926293)

(10,730.734262560008)

(11,721.2023647996488)

(12,713.3156669865533)

(13,706.8209671052288)

(14,701.4870315898023)

(15,697.1067229657519)

(16,693.4981254210616)

(17,690.5047073989339)

(18,687.9946106832059)

(19,685.8591976407081)

(20,684.011018905239)

(21,682.3813805867696)

(22,680.917692256437)

(23,679.5807652400297)

(24,678.3422073597579)

(25,677.182028559508)

(26,676.0865358703304)

(27,675.0465600578608)

(28,674.0560237096969)

(29,673.1108342129332)

(30,672.2080666980785)

(31,671.3453935273591)

(32,670.5207401996747)

(33,669.7325440619926)

(34,668.9875401074819)

(35,668.4445717174602)

(36,668.2544886112578)

(37,17104.999744784447)

(38,724.3524480443476)

(39,710.687414265735)

(40,701.0280614477316)

(41,692.5638525209843)

(42,685.212401463079)

(43,678.8888824876223)

(44,673.5043218021356)

(45,668.9674312957779)

(46,665.1864645511024)

(47,662.0710043070727)

(48,659.5336168642264)

(49,657.4913152086699)

(50,655.8667821399512)

(51,654.5893173454213)

(52,653.5954873941954)

(53,652.8294739700258)

(54,652.2431320820109)

(55,651.7957851753167)

(56,651.4537967733577)

(57,651.1899674963262)

(58,650.9828113404783)

(59,650.8157657248681)

(60,650.6763862443582)

(61,650.5555699787845)

(62,650.4468416158405)

(63,650.3457257712851)

(64,650.2492179900505)

(65,650.1553571314475)

(66,650.0628943624947)

(67,649.9710531064669)

(68,649.8794264731822)

(69,649.7887892031287)

(70,649.7144386549533)

(71,2002.5273917689017)

(72,831.2428645324338)

(73,807.734908067947)

(74,786.9991313507671)

(75,768.6994309549777)

(76,752.6755708922699)

(77,738.7554496735079)

(78,726.7585403848112)

(79,716.4996988527655)

(80,707.7929654956193)

(81,700.4552232549621)

(82,694.309579971283)

% MSE_test
(0,1765.3749766905205)(1,982.548061994022)(2,946.2074920092141)(3,914.6418117295007)(4,886.1717736972416)(5,860.6523052205424)(6,837.8668742715987)(7,817.5929163309359)(8,799.6007499094304)(9,783.6592537746175)(10,769.5402926934247)(11,757.0230353265787)(12,745.8977215933892)(13,735.9688347213)(14,727.0575617387061)(15,719.0034966163984)(16,711.6655747678032)(17,704.9222684304827)(18,698.6711173814911)(19,692.8276919761727)(20,687.3241220733613)(21,682.1073177221309)(22,677.137037313038)(23,672.3839013746448)(24,667.8275113033433)(25,663.4546587744535)(26,659.2578749611683)(27,655.2339217266988)(28,651.3832110808523)(29,647.7076791642518)(30,644.2136351104684)(31,640.9008623687158)(32,637.7949091709813)(33,634.8378784985525)(34,632.286355278214)(35,629.3899083908101)(36,629.60469694573)(37,18902.56365870031)(38,794.8764823353482)(39,772.0158140334416)(40,761.1728568365415)(41,751.0901500023681)(42,742.0388872930729)(43,733.9283664237919)(44,726.7001677495572)(45,720.2870796676235)(46,714.621788240384)(47,709.6364431366143)(48,705.2644595274745)(49,701.4414214051935)(50,698.1061391126399)(51,695.2013592127804)(52,692.6743624742414)(53,690.4772908959317)(54,688.5673253468336)(55,686.9066397118869)(56,685.4622480582665)(57,684.2056849520449)(58,683.11266779986)(59,682.1626286433199)(60,681.3383669292454)(61,680.6254944414851)(62,680.0123247850028)(63,679.4889828345875)(64,679.0483643606414)(65,678.6828726222922)(66,678.3921231610375)(67,678.1604920225163)(68,678.0245045048257)(69,677.8545456327817)(70,678.1312881442366)(71,2422.953725751197)(72,962.6884411446174)(73,934.4731575223908)(74,911.3427595313565)(75,890.1352009113841)(76,870.8486463698864)(77,853.3480698028018)(78,837.5031610342077)(79,823.1768728033323)(80,810.2307496546371)(81,798.5271366341698)(82,787.9319576257511)

% MSSE
(0,1605.43)(1,918.3265636401948)(2,872.2746147950463)(3,797.3124334429823)(4,786.0716671391748)(5,662.5207283401088)(6,694.4504034228042)(7,613.1799380701564)(8,735.5645314956574)(9,729.6865944523802)(10,557.4567658721089)(11,512.2411415118847)(12,483.4505032778351)(13,384.095252254885)(14,415.07749749026794)(15,510.6192872321616)(16,547.3120813015746)(17,353.04272833517575)(18,345.23799045344487)(19,269.2786285026921)(20,343.6335421460658)(21,401.6118760236801)(22,395.7192943907696)(23,304.4154950549879)(24,330.51948407216156)(25,279.3890128858458)(26,259.83145351039883)(27,341.7334513637186)(28,325.6284061260094)(29,212.164496533598)(30,218.53564841330214)(31,267.32938301549405)(32,231.77310321496105)(33,201.7054921515328)(34,287.1330004124068)(35,236.70216244540586)(36,225.59609463899776)(37,19917.92)(38,465.5197868642702)(39,485.31580555846085)(40,467.38893410618124)(41,571.1614010738165)(42,603.33908016747)(43,447.19217666037775)(44,360.65042092947397)(45,445.72200061600176)(46,472.66258896280203)(47,392.8351589910666)(48,271.1624438813127)(49,424.00533043049734)(50,437.6455775688997)(51,345.67304368010474)(52,285.16263239247877)(53,434.52554424722933)(54,574.5879261309054)(55,408.85806539482974)(56,330.95827576058184)(57,479.3324452540055)(58,352.85791214421545)(59,369.7597815073713)(60,328.7960335133198)(61,520.5388415043902)(62,386.37488274778457)(63,275.26521719321875)(64,288.60566631367584)(65,400.24206822861856)(66,372.2455412339396)(67,417.38737133188863)(68,443.7494258322508)(69,537.9945830050156)(70,293.4041232518293)(71,2797.95)(72,820.7614734039962)(73,826.1506340972738)(74,989.6999549933902)(75,758.7670404898611)(76,902.3025770348944)(77,779.3653433955836)(78,862.4918125289812)(79,654.5577073006343)(80,528.3862799749877)(81,646.2341383272214)(82,488.09430421581766)
