% MSE
(0,506.5557333318217)

(1,498.63138436453386)

(2,490.9487429088701)

(3,483.3204360352553)

(4,475.7503095896804)

(5,468.257943275014)

(6,460.86416423017425)

(7,453.58999915810693)

(8,446.45643625575906)

(9,439.4842046357048)

(10,432.6935393720474)

(11,426.10393435388653)

(12,419.73388679840974)

(13,413.60063805857294)

(14,407.71991609958155)

(15,402.1056856888882)

(16,396.76991290385854)

(17,391.7223509635633)

(18,386.97035458876366)

(19,382.51873004042045)

(20,378.36962763956654)

(21,374.52248289597935)

(22,370.9740113477902)

(23,367.7182608339898)

(24,364.7467232024362)

(25,362.04850543787046)

(26,359.6105579445498)

(27,357.41795533075964)

(28,355.4542226374024)

(29,353.70169767078715)

(30,352.1419180945204)

(31,350.7560203637934)

(32,349.5251365937894)

(33,348.43077516360484)

(34,347.4551713494232)

(35,346.5815955829245)

(36,345.7946090067046)

(37,345.08025874217117)

(38,344.4262085248456)

(39,343.82180386855066)

(40,343.25807442707963)

(41,342.7276794505398)

(42,342.22480492198605)

(43,341.7450228945579)

(44,341.28512459131184)

(45,340.8429389353851)

(46,340.4171474479523)

(47,340.0071066736421)

(48,339.6127561152851)

(49,339.23773492537117)

(50,339.0493319324755)

(51,339.03128232280454)

(52,467.74499181044456)

(53,462.1848458959777)

(54,456.7756026930082)

(55,451.39763162561155)

(56,446.0541500777807)

(57,440.7585060641914)

(58,435.5248673438517)

(59,430.36754111448244)

(60,425.3008130533123)

(61,420.3387968915236)

(62,415.4952741633099)

(63,410.7835256737076)

(64,406.2161573350262)

(65,401.80492355831325)

(66,397.56055189327816)

(67,393.4925730695808)

(68,389.6091609753882)

(69,385.91698738382263)

(70,382.4210963717447)

(71,379.1248033360721)

(72,376.0296232714939)

(73,373.1352325063781)

(74,370.43946738589756)

(75,367.93836243940257)

(76,365.6262293837419)

(77,363.49577692328234)

(78,361.5382697569573)

(79,359.7437235575811)

(80,358.1011310313463)

(81,356.5987125925734)

% MSE_test
(0,726.0585620012508)(1,718.2654265575633)(2,711.9199915598889)(3,705.9449940073763)(4,700.055591893037)(5,694.185888719604)(6,688.3310179168953)(7,682.50123631602)(8,676.710017716864)(9,670.9714986622148)(10,665.2999924919801)(11,659.7098297043689)(12,654.2152221049789)(13,648.8301201355055)(14,643.5680642789681)(15,638.4420330144999)(16,633.4642901135765)(17,628.6462343994239)(18,623.9982553497904)(19,619.5295980977869)(20,615.2482414532765)(21,611.1607925103759)(22,607.2724012096974)(23,603.5866978777062)(24,600.1057562674094)(25,596.8300839810806)(26,593.7586413827956)(27,590.8888892328875)(28,588.216864334343)(29,585.7372815180993)(30,583.4436593614372)(31,581.328466186058)(32,579.3832821722925)(33,577.5989729010447)(34,575.9658693280056)(35,574.4739491310461)(36,573.1130145356)(37,571.8728621379323)(38,570.7434407455262)(39,569.7149941820253)(40,568.7781859544716)(41,567.9242064346039)(42,567.1448519756267)(43,566.4326165904831)(44,565.7806082082601)(45,565.1832068612416)(46,564.6327087503282)(47,564.1381911452451)(48,563.6130064980869)(49,563.5896449310246)(50,560.6158345276252)(51,565.880054178355)(52,721.4891593238123)(53,714.919110506439)(54,709.5214727776055)(55,704.4196277651843)(56,699.3729790110193)(57,694.3245261969452)(58,689.2691095785543)(59,684.2144807710914)(60,679.1711978412873)(61,674.1504736606921)(62,669.1637810954506)(63,664.2227348200161)(64,659.3389929428693)(65,654.5241521439046)(66,649.7896366291313)(67,645.1465825038475)(68,640.6057194117717)(69,636.1772515584129)(70,631.8707404663458)(71,627.6949919906643)(72,623.6579502383597)(73,619.7666010724807)(74,616.0268878286813)(75,612.4436417195836)(76,609.0205291467952)(77,605.7600177822363)(78,602.6633628265876)(79,599.7306143164535)(80,596.9606457530735)(81,594.3512036895253)

% MSSE
(0,471.25)(1,350.44885864333605)(2,443.6945690194601)(3,321.34064219126947)(4,333.6258189556533)(5,185.80517055870297)(6,255.67209150840097)(7,171.8120032215394)(8,312.60681117933495)(9,173.32139563311998)(10,111.45692213579022)(11,321.98665781460966)(12,162.22911820362023)(13,187.77639843606542)(14,391.7524803677537)(15,179.0645891737542)(16,343.1135034410636)(17,240.93885399428385)(18,172.4755446255827)(19,74.843447276178)(20,138.27469993199205)(21,162.18435400873207)(22,118.95683234793012)(23,183.3988077719375)(24,157.09578513593107)(25,99.36745625896265)(26,109.37377037893711)(27,106.69947990233794)(28,117.6079254270587)(29,104.49642408826307)(30,72.8200032005494)(31,115.47060742816056)(32,32.01867776378493)(33,79.3600702101853)(34,37.52848056983015)(35,73.11068628667077)(36,52.22002617904556)(37,57.7240162446532)(38,44.29729686272951)(39,4.3105229398062725)(40,45.90751865023262)(41,50.20118757642461)(42,37.837644311338316)(43,57.444859242637975)(44,23.78314921637457)(45,37.01801821398289)(46,35.37401801651834)(47,22.11671831052036)(48,19.01623921653477)(49,17.497677933600087)(50,35.2128358901105)(51,15.869489271031787)(52,219.61)(53,527.9088505879363)(54,517.5940982798979)(55,284.4406823387819)(56,201.5762133986)(57,303.8505507683261)(58,288.76189651136303)(59,526.6693824458882)(60,269.16044170353086)(61,216.04451968649198)(62,301.2954024578578)(63,110.49993887379242)(64,191.2709787380375)(65,169.76389738670477)(66,443.8851920755499)(67,275.35836734336306)(68,232.34043886490102)(69,216.7906899772745)(70,209.16881047426773)(71,197.49292485975081)(72,258.0915536510627)(73,122.38209533231657)(74,115.60529672598895)(75,87.55188143038083)(76,105.2469820827504)(77,77.29596080210429)(78,111.15858546210505)(79,148.72033974827013)(80,83.892652431066)(81,76.82862857221659)
