% MSE
(0,13.850875472030076)

(1,10.075934452378917)

(2,970.9845353792871)

(3,363.06294061340304)

(4,130.5887519282314)

(5,47.4113198724377)

(6,19.726638414246157)

(7,11.210212238411067)

(8,8.806623785236566)

(9,8.18946751674946)

(10,8.046684587921282)

(11,8.017242228054785)

(12,8.011888784603256)

(13,8.011028168815269)

(14,8.010890442583753)

(15,8.010850242400615)

(16,8.010819808094999)

(17,8.010788919305872)

(18,8.010756562250595)

(19,8.010722593094554)

(20,8.010686927766033)

(21,8.010649481548526)

(22,8.010610165638102)

(23,8.010568886818211)

(24,8.01052554723902)

(25,8.01048004418838)

(26,8.010432269851913)

(27,8.010382111061348)

(28,8.010329449030477)

(29,8.010274159078449)

(30,8.010216110339682)

(31,8.010155165459535)

(32,8.010091180275468)

(33,8.010024003482826)

(34,8.009953476284323)

(35,8.009879432022998)

(36,8.00980169579731)

(37,8.009720084057962)

(38,8.009634404185537)

(39,8.009544454047795)

(40,8.009450021536212)

(41,8.009350884080451)

(42,8.009246808139933)

(43,8.009137548671456)

(44,8.0090228485719)

(45,8.00890243809477)

(46,8.008776034239736)

(47,8.008643340113684)

(48,8.008504044262272)

(49,8.008357819970838)

(50,8.008204324533127)

(51,8.008043198486815)

(52,8.007874064814343)

(53,8.007696528107578)

(54,8.007510173695268)

(55,8.007314566731441)

(56,8.007109251243412)

(57,8.006893749138099)

(58,8.006667559165601)

(59,8.006430155854114)

(60,8.006180988876228)

(61,8.005919498004204)

(62,8.005645700226282)

(63,405.0809364315488)

(64,154.15570223689343)

(65,58.19984220677163)

(66,23.867593336443285)

(67,12.440488371937676)

(68,8.925257392675086)

(69,408.85011015673024)

(70,155.9045135068899)

(71,59.17604108595488)

(72,24.567347503098755)

(73,13.048220020422528)

(74,9.504668930308362)

(75,8.504562396151247)

(76,8.24775840968314)

(77,8.188332105426882)

(78,8.176063997270106)

(79,8.17381798554663)

(80,8.173440435093664)

(81,8.173362694123266)

(82,8.173324511252481)

(83,8.17328932006447)

% MSE_test
(0,80.5988454518821)(1,81.20939482959479)(2,1193.3014765672426)(3,528.7537276667904)(4,260.3571704257678)(5,155.0876868522022)(6,114.27712205781529)(7,98.25385883283057)(8,91.7339752320373)(9,88.96215336058468)(10,87.74800876568196)(11,87.21539289139753)(12,86.98828874189506)(13,86.89643250407237)(14,86.86183878056788)(15,86.84987844454736)(16,86.84610947183329)(17,86.84500409784083)(18,86.84465867645085)(19,86.84449577405739)(20,86.84436513118659)(21,86.84423431284314)(22,86.84409765815397)(23,86.84395421985543)(24,86.84380361772193)(25,86.84364549399272)(26,86.84347947347904)(27,86.84330516230284)(28,86.84312214699273)(29,86.84292999351209)(30,86.84272824624239)(31,86.84251642691657)(32,86.84229403349902)(33,86.84206053901364)(34,86.8418153903119)(35,86.84155800678317)(36,86.84128777900072)(37,86.84100406730403)(38,86.84070620031027)(39,86.84039347335548)(40,86.84006514685952)(41,86.83972044461312)(42,86.83935855198233)(43,86.8389786140251)(44,86.83857973352276)(45,86.83816096890729)(46,86.83772133211026)(47,86.83725978626688)(48,86.83677524340489)(49,86.83626656180296)(50,86.83573254379327)(51,86.83517193188294)(52,86.8345834093957)(53,86.83396558612884)(54,86.83331703467285)(55,86.83263614078334)(56,86.83192167937867)(57,86.83117036586438)(58,86.83038784043366)(59,86.82953612397871)(60,86.8288007083486)(61,86.82714806955245)(62,86.83059704947613)(63,393.2648270544208)(64,177.31200065704513)(65,103.72810965444661)(66,83.22718725963435)(67,80.04430758774028)(68,81.25291516202012)(69,580.4927799677529)(70,290.91317425985295)(71,170.9031641617676)(72,121.96016047419579)(73,101.918444272869)(74,93.49872914548435)(75,89.82420256967052)(76,88.16729433178583)(77,87.41163979174411)(78,87.07235965814947)(79,86.92598201307692)(80,86.86644413647937)(81,86.8439479804348)(82,86.83613539427589)(83,86.83364137264147)

% MSSE
(0,42.78)(1,36.11982510161435)(2,1060.95)(3,385.2275923612474)(4,262.9868067988114)(5,57.24507403474728)(6,9.859198853406246)(7,135.91314330916939)(8,26.43686554774264)(9,90.33993318673883)(10,26.11625276399673)(11,47.56159414051315)(12,64.29428718917289)(13,47.59182790904748)(14,206.18517988653147)(15,21.495123114409598)(16,67.22221629104098)(17,47.58383881985778)(18,45.83141359086985)(19,42.868439803071084)(20,88.5981246477222)(21,21.47658347588458)(22,52.27489761013058)(23,140.75533576449772)(24,47.54988982788069)(25,42.82156456501915)(26,4.8245350634325925)(27,4.82779660052773)(28,21.445770121365207)(29,106.80580437475301)(30,71.93766920482929)(31,0.0991889042995206)(32,21.422838676624096)(33,143.78573641553217)(34,88.49815930494779)(35,45.88189404690382)(36,63.98611510209572)(37,67.178734316141)(38,45.896013165560014)(39,21.370251494616777)(40,152.21419391624096)(41,21.351643147951204)(42,42.583481454599365)(43,4.909127675172797)(44,71.9681641408333)(45,42.517076195548526)(46,4.932898256305685)(47,21.28367109903201)(48,4.950825736674171)(49,47.27220634129266)(50,21.241532168637413)(51,76.87467362183463)(52,0.10072584827459959)(53,46.00790929492724)(54,76.9240374427765)(55,26.08477424182611)(56,21.13654266092426)(57,88.08340544574854)(58,73.02225430318889)(59,21.071524838410582)(60,108.93314026413633)(61,41.94337563628716)(62,46.92938669082105)(63,531.19)(64,170.85252404084505)(65,325.5723898805412)(66,123.44156049322173)(67,9.616274544039134)(68,201.9961370576046)(69,500.05)(70,192.65354574124402)(71,120.00342804564029)(72,21.413984514688536)(73,63.204986492438344)(74,111.06923149303402)(75,30.94774905086341)(76,22.584844000013785)(77,51.66946301030728)(78,48.36624337294786)(79,82.01707157610608)(80,12.816251833162976)(81,81.99759281953924)(82,43.5897480929793)(83,33.66430955939595)
