% MSE
(0,253.15946519330342)

(1,252.93933491734876)

(2,252.70881006615946)

(3,252.4674318259307)

(4,252.21472440653176)

(5,251.95019476120126)

(6,251.67333234399914)

(7,251.3836089112459)

(8,251.08047837377998)

(9,250.7633767075337)

(10,250.43172193061451)

(11,250.084914155823)

(12,249.7223357283228)

(13,249.34335145899306)

(14,248.94730896486274)

(15,248.53353912891134)

(16,248.10135669246085)

(17,247.65006099431943)

(18,247.17893687182618)

(19,246.68725573990517)

(20,246.17427686523635)

(21,245.6392488535923)

(22,245.08141136933185)

(23,244.49999710691293)

(24,243.8942340350932)

(25,243.26334793518268)

(26,297.7619822762361)

(27,297.42522204782216)

(28,297.07255996531217)

(29,296.70329412506794)

(30,296.31669665268674)

(31,295.9120132741851)

(32,295.48846294494575)

(33,295.04523754595056)

(34,294.5815016577651)

(35,294.0963924237335)

(36,293.58901951491583)

(37,293.0584652104341)

(38,292.50378460807946)

(39,291.9240059813039)

(40,291.3181313000198)

(41,290.6851369340176)

(42,290.02397455921715)

(43,289.3335722884291)

(44,288.61283604978934)

(45,287.86065123752553)

(46,287.0758846612068)

(47,286.25738682110864)

(48,285.40399453873005)

(49,284.51453397286167)

(50,283.587824052811)

(51,282.6226803614779)

(52,281.61791950183533)

(53,280.57236398097416)

(54,279.48484764616944)

(55,278.35422170731283)

(56,277.17936137947765)

(57,275.9591731782544)

(58,274.69260289868083)

(59,273.3786443060331)

(60,272.0163485632798)

(61,270.60483441553646)

(62,269.14329914622357)

(63,267.63103031272254)

(64,266.0674182609605)

(65,264.4519694083871)

(66,262.78432027311874)

(67,261.0642522134179)

(68,259.2917068260518)

(69,257.4668019342992)

(70,255.58984807636142)

(71,253.6613653825936)

(72,251.6821007053371)

(73,249.65304483819853)

(74,247.57544963252127)

(75,245.45084478773387)

(76,243.28105405952584)

(77,241.06821059583902)

(78,224.61924450275433)

(79,224.4737433015698)

(80,287.587003056773)

(81,287.2768491147359)

(82,286.95204967029883)

(83,286.6119582748547)

% MSE_test
(0,134.24541854827575)(1,134.22847058540233)(2,134.21112618237117)(3,134.19340981039176)(4,134.17535140706997)(5,134.15698703925054)(6,134.13835963209146)(7,134.1195197700573)(8,134.10052657590762)(9,134.08144867414248)(10,134.06236524576858)(11,134.04336718164515)(12,134.02455834206654)(13,134.00605693062263)(14,133.987996990749)(15,133.97053003372073)(16,133.95382680715173)(17,133.93807921331813)(18,133.9235023868198)(19,133.91033694120682)(20,133.8988513942096)(21,133.88934478110264)(22,133.88214946546856)(23,133.8776341561916)(24,133.87620713885258)(25,133.8783197287959)(26,143.87517494084364)(27,143.76511123293815)(28,143.65034980396882)(29,143.53073520874594)(30,143.40611189179094)(31,143.27632489372232)(32,143.14122065484224)(33,143.00064792548292)(34,142.85445879339042)(35,142.70250983917617)(36,142.5446634316377)(37,142.38078917554412)(38,142.21076552528672)(39,142.03448157860612)(40,141.8518390654107)(41,141.66275454749)(42,141.46716184568024)(43,141.26501471174336)(44,141.05628976285584)(45,140.84098969713634)(46,140.61914680905824)(47,140.39082682383832)(48,140.15613306995297)(49,139.9152110087392)(50,139.66825313955613)(51,139.4155042981449)(52,139.15726736457137)(53,138.89390939538941)(54,138.6258681923442)(55,138.35365931695065)(56,138.07788355654145)(57,137.79923484275722)(58,137.51850861785567)(59,137.23661063749904)(60,136.95456619072428)(61,136.67352970846744)(62,136.394794721156)(63,136.1198041133744)(64,135.85016060929576)(65,135.58763740633583)(66,135.33418885621293)(67,135.09196107218392)(68,134.8633023186121)(69,134.65077301419646)(70,134.45715515315226)(71,134.28546091951216)(72,134.1389402386579)(73,134.02108697750273)(74,133.93564347079862)(75,133.88660301640203)(76,133.8782099476854)(77,133.9149568575405)(78,135.8616447497359)(79,135.89410357055272)(80,140.76330892806607)(81,140.67568449332757)(82,140.58440178460827)(83,140.48934914479545)

% MSSE
(0,105.8)(1,62.90201826750881)(2,124.59754128774544)(3,185.00805750671148)(4,0.0)(5,100.54722655133303)(6,119.22977306539043)(7,78.49542849333389)(8,193.6582141986399)(9,95.48607755981435)(10,112.9064245845669)(11,74.10836571489811)(12,127.57493132475933)(13,161.20041568955764)(14,140.6826400351917)(15,155.22536051569028)(16,135.17382579789208)(17,66.13410331166304)(18,48.472443336099566)(19,78.84226349212341)(20,61.465347257701204)(21,104.65750942362476)(22,116.18119173333395)(23,98.56776557201329)(24,68.13280312474913)(25,118.43261755127008)(26,211.68)(27,350.62266553565246)(28,278.67735562660675)(29,484.35543428426024)(30,412.1796797724604)(31,477.2421932429537)(32,338.1766113327341)(33,268.27742147154083)(34,332.393422457403)(35,658.6242568215197)(36,456.5377891205641)(37,129.0991136048329)(38,383.1068099973158)(39,504.988063374935)(40,124.73153247011578)(41,369.4620378272635)(42,486.050679453687)(43,359.4172480023793)(44,354.09461848498694)(45,522.8477343624251)(46,342.82411026813037)(47,449.1559893662036)(48,440.9195054553438)(49,540.4803735592126)(50,317.6594195137377)(51,310.80036783783635)(52,101.23626960472149)(53,395.17753687878013)(54,240.68547530641442)(55,374.702788111215)(56,363.99694236765697)(57,264.7364843822623)(58,213.53890458862895)(59,288.7883759641538)(60,198.83429094495452)(61,267.70227260494323)(62,146.74407024622948)(63,175.4862355885997)(64,167.39548097729752)(65,222.83913611643402)(66,331.81987371205554)(67,170.85818983165416)(68,160.624873489352)(69,100.2126220744239)(70,139.9696792482106)(71,129.60967128685178)(72,178.9123049360967)(73,127.17223945339302)(74,82.36879635013206)(75,118.44684531308587)(76,92.2054878294538)(77,34.74581008765091)(78,15.36)(79,7.517055581189234)(80,346.56)(81,114.76385184645841)(82,398.90760665235644)(83,226.29582314978586)
