% MSE
(0,3731.1246671376116)

(1,3473.0567256357203)

(2,3302.9140950654723)

(3,5626.367855535652)

(4,4977.286981934789)

(5,4596.146896768776)

(6,4297.304234306043)

(7,4038.7188622369213)

(8,3808.62230911396)

(9,3603.0271708268288)

(10,3420.576007788011)

(11,3261.7092195142627)

(12,3130.109302539022)

(13,3038.484525715112)

(14,3028.7731016031353)

(15,5029.305658321337)

(16,4535.795860050722)

(17,8924.189187351178)

(18,5387.705112705053)

(19,4337.416141783883)

(20,3900.2504363983558)

(21,3654.9793824847716)

(22,6138.610045517435)

(23,5623.1482544616565)

(24,5187.659438489095)

(25,4798.819031669361)

(26,4448.473205490653)

(27,4133.569440485952)

(28,3852.190624549565)

(29,3602.6674839308957)

(30,3383.461460100753)

(31,3193.455251474779)

(32,3033.0155580999967)

(33,2907.6132236953817)

(34,2841.3871343163337)

(35,3569.159972882153)

(36,3389.3945195668166)

(37,3249.7652904425886)

(38,4637.9218339542285)

(39,3854.0145551591195)

(40,4718.988342859165)

(41,3905.963173239214)

(42,3582.67746357056)

(43,3387.273593850874)

(44,3238.218469398689)

(45,3113.279558002614)

(46,3005.649284024681)

(47,4589.156089113537)

(48,3439.9106716202264)

(49,3067.0170955340777)

(50,5980.104645932343)

(51,4862.953592139101)

(52,4383.008777812557)

(53,4103.332880785427)

(54,3812.219954981561)

(55,3608.380920766034)

(56,4171.066804764784)

(57,3635.6030092499436)

(58,16796.51749250505)

(59,7928.673328612685)

(60,5400.179239216671)

(61,4432.523560582677)

(62,3950.78064754242)

(63,4815.2477564447945)

(64,4027.017534877961)

(65,7487.966019888802)

(66,5461.585097180272)

(67,4706.607210110552)

(68,20354.299775474705)

(69,8693.36968107153)

(70,5462.951137568604)

(71,4299.7724040798175)

(72,3772.5786923105948)

(73,20947.512165897064)

(74,9267.44198139796)

(75,5996.203892630162)

(76,4788.324335682677)

(77,4216.704540526041)

(78,8318.35588743997)

(79,5013.973285293366)

(80,4041.659235083627)

(81,3643.7328209698753)

(82,3424.9374732420874)

(83,4874.172347924244)

(84,4497.638265016732)

(85,4198.260434263965)

(86,3935.932520011764)

(87,3701.1933714463066)

(88,3490.9164667511236)

(89,3303.4957333005987)

(90,3137.7555929764535)

(91,2992.7909462859716)

(92,2868.2983038292036)

(93,2765.8401226301885)

(94,2693.204801518638)

(95,7093.223642013868)

(96,6455.827902610626)

(97,5906.205291474209)

(98,5413.185021223038)

(99,4968.879649606462)

% MSE_test
(0,2881.465022337247)(1,2278.635251920313)(2,2314.5339415311055)(3,5025.172494147055)(4,4921.900794885836)(5,4062.89360163473)(6,3897.8761770856854)(7,3383.063650951553)(8,3212.220031564102)(9,2821.1613968660135)(10,2705.3701465769577)(11,2372.58443323529)(12,2363.5888042671595)(13,2041.04103728172)(14,2301.1437402132133)(15,3634.4343398753763)(16,3918.6869347734664)(17,8537.73828496693)(18,3688.9233576210213)(19,3523.164479255235)(20,2574.325530537545)(21,2735.6076756137177)(22,6099.646158477627)(23,5110.642880768942)(24,4772.994885265487)(25,4169.863341379936)(26,3835.1828783811293)(27,3386.61994849044)(28,3119.779200572005)(29,2769.050159190819)(30,2589.788693207232)(31,2300.111869683509)(32,2233.007432688163)(33,1955.4926413802846)(34,2114.3336238491424)(35,2934.487148287711)(36,2490.965923095086)(37,2512.3483163352334)(38,2955.4610873010693)(39,3161.650570329976)(40,3800.0053639486414)(41,2607.786427711362)(42,2535.8105117122136)(43,2189.5117033248016)(44,2171.875389605572)(45,1958.0932079270115)(46,1961.5142674755539)(47,4462.410020505766)(48,2038.7210541506547)(49,2439.9254859797516)(50,5892.175722540251)(51,3523.38178139083)(52,3755.022175165515)(53,3141.7303075126874)(54,2414.386049518376)(55,2503.739049480757)(56,2630.4689126503567)(57,2910.2865321398117)(58,17345.929876089922)(59,5498.267777517088)(60,4934.103956083915)(61,2804.501420594563)(62,3177.363245877031)(63,3757.465859117638)(64,3775.868918114332)(65,7067.052478622466)(66,3063.013890283973)(67,3577.68809308281)(68,20056.735399463825)(69,6573.639867508513)(70,4791.935507200915)(71,2810.2748065290916)(72,2910.6178442383825)(73,21935.069793983504)(74,5975.036533328263)(75,5571.606791117837)(76,2762.490991853051)(77,3437.723160864482)(78,8005.792560424594)(79,3803.1819039540205)(80,3459.2182300244795)(81,2686.7818608649795)(82,2752.356245389533)(83,3546.610883483596)(84,3522.325534668583)(85,3027.67221427313)(86,2894.412342229903)(87,2580.6058544382395)(88,2453.8801876555317)(89,2220.4731019431847)(90,2135.3071189821276)(91,1945.9311218811995)(92,1922.9073555927728)(93,1743.9449035257423)(94,1837.6317241513966)(95,6402.767396417422)(96,5353.656846419996)(97,4944.534223487148)(98,4286.987680364324)(99,3899.7716571574774)

% MSSE
(0,2347.18)(1,3377.932115719195)(2,2677.654022894995)(3,8831.36)(4,4228.2564210697665)(5,6253.389209714365)(6,5281.159839043751)(7,5650.626238304508)(8,3131.1161660542293)(9,3642.225744017011)(10,2688.0925580742937)(11,3000.4938603626347)(12,2305.488701301332)(13,2090.5313742191047)(14,1729.2402148876517)(15,7354.72)(16,4957.098370283676)(17,11627.88)(18,8295.07863957249)(19,6754.984282570489)(20,3390.878249975975)(21,4435.693907346912)(22,9648.48)(23,9890.656497771783)(24,6622.730057203768)(25,6191.419065438846)(26,5526.8783610712935)(27,5022.161854048938)(28,4910.53123014046)(29,3822.4629614622595)(30,2170.0938689666577)(31,2912.9797486620355)(32,2142.31485783765)(33,1649.974786512083)(34,1590.0675040546373)(35,2348.5)(36,2885.100091565141)(37,2420.204595998177)(38,5730.85)(39,3916.0809996655694)(40,5086.81)(41,4322.498990002968)(42,3182.80364526977)(43,2803.508206200308)(44,2285.6252267598643)(45,2233.3194202869645)(46,1901.6844712411503)(47,2611.74)(48,2739.915617845903)(49,1768.597746333791)(50,8901.12)(51,7031.329286512101)(52,5107.3326774468205)(53,4459.63)(54,4251.618567421605)(55,2390.8543356772198)(56,4115.19)(57,3282.795205663068)(58,15062.08)(59,9398.412082553867)(60,6021.934221392341)(61,4899.185264626286)(62,2965.201738952422)(63,8693.91)(64,4654.528653107869)(65,8089.21)(66,7920.827132679634)(67,6233.292134954631)(68,16120.4)(69,9909.357679610395)(70,4707.302891039876)(71,4832.194493975464)(72,3432.455238677147)(73,19620.76)(74,12693.856584733316)(75,4945.312746352567)(76,6417.799784677519)(77,3853.385258949626)(78,8643.56)(79,5693.374111609857)(80,4005.489575531226)(81,3728.941098236203)(82,3040.067526357115)(83,6654.07)(84,6256.30516329626)(85,6123.014154199232)(86,5689.526327410168)(87,4401.802613890145)(88,3497.38563684497)(89,3889.060054584723)(90,2582.1271924188604)(91,1933.637680496643)(92,1370.4455445894293)(93,2537.841898619959)(94,1786.8479473425155)(95,15669.33)(96,14143.286424329584)(97,9081.496470016566)(98,8858.057315650967)(99,7321.056151605125)
