% MSE
(0,2031.6454554638824)

(1,770.4136950123049)

(2,656.5200014302308)

(3,648.0083823500366)

(4,639.9818372254523)

(5,635.9643579269415)

(6,635.3887385556562)

(7,635.1250041328947)

(8,634.8792869728334)

(9,634.6305632021262)

(10,634.3780361695228)

(11,634.1220378219338)

(12,633.8629790392729)

(13,633.6013110024124)

(14,633.3375242288166)

(15,633.0721480072167)

(16,632.8057493305229)

(17,632.5389312648484)

(18,632.2723307048695)

(19,632.0066154707347)

(20,631.7424807088021)

(21,631.4806445679252)

(22,631.2218431349778)

(23,630.9668246279908)

(24,630.7163428626419)

(25,630.4711500279502)

(26,630.2319888295787)

(27,629.9995840839325)

(28,629.7746338726403)

(29,629.5578003943831)

(30,1045.042261554951)

(31,722.6469627402465)

(32,692.0089435478549)

(33,688.1381896602238)

(34,4658.069282172573)

(35,1035.1939819055515)

(36,708.1475351465971)

(37,683.8225400639732)

(38,680.9745165128617)

(39,1846.738074978371)

(40,747.7321033015195)

(41,648.6166534299701)

(42,641.3429027305892)

(43,757.8650101945058)

(44,640.7037133962125)

(45,630.1115556250356)

(46,629.3074453086152)

(47,730.6059827300483)

(48,723.4472483089722)

(49,720.3359005079498)

(50,717.5471431161122)

(51,714.733731214464)

(52,711.8736926748098)

(53,708.9695287657332)

(54,706.0254816316905)

(55,703.0462911090827)

(56,700.0371518617397)

(57,697.003711218451)

(58,693.9520627734065)

(59,690.8887341173762)

(60,687.8206680809931)

(61,684.7551969178667)

(62,681.7000089121408)

(63,678.663106976573)

(64,675.6527589157172)

(65,672.677439166673)

(66,669.7457619985498)

(67,666.8664063519501)

(68,664.0480327308056)

(69,661.2991928187212)

(70,658.6282327768491)

(71,656.043191484245)

(72,653.5516952966308)

(73,651.1608512149011)

(74,648.8771406575981)

(75,646.7063163066539)

(76,644.6533047256381)

(77,642.722117615775)

(78,640.9157746576351)

(79,639.2362408666663)

(80,637.6843812511831)

(81,636.2599352881496)

(82,634.961513316052)

(83,633.7866163831858)

(84,632.7316803902266)

(85,631.7921445443591)

(86,630.9625432257924)

% MSE_test
(0,1953.9964780365278)(1,798.5738285797702)(2,716.4306389458997)(3,716.5377610994128)(4,703.807094993719)(5,695.1259789012604)(6,693.2057157817045)(7,692.6938542632436)(8,692.5209402363898)(9,692.4282351811596)(10,692.3524246857277)(11,692.2801899832855)(12,692.2095369176251)(13,692.1405143627111)(14,692.0734436147926)(15,692.008678672693)(16,691.9465863567596)(17,691.8875437304498)(18,691.8319353319129)(19,691.7801499293224)(20,691.7325768044836)(21,691.6896015605499)(22,691.6516014632679)(23,691.6189403375789)(24,691.5919630565169)(25,691.5709896760678)(26,691.5563092881189)(27,691.5481736833498)(28,691.5467909364972)(29,691.5523190471712)(30,1036.4209912786516)(31,767.8906227129643)(32,753.8763407818424)(33,754.7237169241253)(34,4448.251677149705)(35,1023.7258566546477)(36,755.1035511955232)(37,746.6485068944177)(38,747.6646187985623)(39,1777.6825024053169)(40,777.6203412889246)(41,708.2531441215876)(42,709.0378003846911)(43,781.2463336581361)(44,691.8169572869314)(45,689.8042902763052)(46,691.4003093033442)(47,801.6708928704642)(48,788.5931830874841)(49,783.9481201923348)(50,781.0680570559599)(51,778.581924808868)(52,776.1543196251032)(53,773.7047812828948)(54,771.2185845332592)(55,768.6961224259127)(56,766.1407864391856)(57,763.5566663283794)(58,760.948240513002)(59,758.320347808111)(60,755.6781773945178)(61,753.0272540367247)(62,750.3734177886321)(63,747.7227978423394)(64,745.0817802233577)(65,742.45696913034)(66,739.855141830293)(67,737.2831971567867)(68,734.7480978173753)(69,732.256806896592)(70,729.8162191397755)(71,727.4330878169028)(72,725.1139481890441)(73,722.8650388259056)(74,720.6922222423428)(75,718.6009065242478)(76,716.5959697878659)(77,714.6816894485518)(78,712.8616783515274)(79,711.1388298254623)(80,709.5152736469736)(81,707.9923447417419)(82,706.5705661869222)(83,705.2496477241178)(84,704.0285005313688)(85,702.9052684886609)(86,701.8773755009133)

% MSSE
(0,1586.48)(1,192.4358172802127)(2,83.40629964142018)(3,60.835644368191126)(4,33.3)(5,72.09366333386247)(6,66.31223377345708)(7,51.42575701706961)(8,31.29139091937239)(9,23.769360042325424)(10,47.83965154247088)(11,54.94035773989675)(12,39.54589792097967)(13,74.21517453912882)(14,20.507160528622254)(15,31.496958099700674)(16,36.36310834778997)(17,22.19978258135262)(18,40.7257144089384)(19,31.653899661736638)(20,58.51544323058309)(21,40.7861386848009)(22,37.415500819809125)(23,39.13796575180031)(24,39.70986464705035)(25,47.48939054535269)(26,25.831326351828142)(27,48.57485204114576)(28,41.24092805429995)(29,32.92663109467927)(30,596.2)(31,275.0430137828212)(32,243.51331754070415)(33,141.21680837054708)(34,4374.92)(35,500.03232451340153)(36,99.64467996694293)(37,124.4305874127246)(38,41.56670583138529)(39,1296.64)(40,150.78797757127367)(41,40.22035573734629)(42,22.90130609029795)(43,219.4)(44,95.98793081770995)(45,65.80387538876643)(46,55.78090510505971)(47,360.61)(48,229.66299157563023)(49,247.25984339674636)(50,153.50623801769754)(51,215.1322923547225)(52,233.75040809173515)(53,251.09107638374957)(54,408.0913342166584)(55,179.10033253699024)(56,171.72983424505597)(57,174.86380918019387)(58,278.89503329674204)(59,152.59604600588582)(60,145.3753716605094)(61,258.06488719997776)(62,312.2256335452746)(63,208.2521325844651)(64,80.39191039197952)(65,212.50802009642055)(66,155.09247532722972)(67,144.7906423586535)(68,147.66018065326932)(69,119.49126796877778)(70,175.51707242503966)(71,185.42195580512313)(72,93.9237267044783)(73,125.2704493672088)(74,192.67551474563075)(75,156.38690873466672)(76,192.78300614593576)(77,57.542615750227824)(78,37.185562335124935)(79,136.88674447568863)(80,76.33626589994728)(81,111.0082368311828)(82,125.03782939923032)(83,130.67120772598037)(84,127.90813996498765)(85,109.10217078996673)(86,150.0034066894281)
