% MSE
(0,2379.8237937701733)

(1,2184.4421951353975)

(2,2026.1400541223413)

(3,1893.6847003149765)

(4,1783.2692107806952)

(5,1692.0577363233938)

(6,1617.463514459951)

(7,1557.0720381137526)

(8,1508.652410570218)

(9,1470.1778490628649)

(10,1439.8413935106316)

(11,9313.09935029931)

(12,3333.563114411725)

(13,2305.4050428029727)

(14,1981.9046762906924)

(15,1808.770422258279)

(16,27498.425507973276)

(17,6246.728439823586)

(18,3001.507101446799)

(19,2247.4141235050374)

(20,1967.5868926922142)

(21,5071.632823956182)

(22,3309.182882541528)

(23,2789.3232199864965)

(24,2482.173981372546)

(25,2249.2214049276477)

(26,2062.282525870675)

(27,1911.2160906481895)

(28,1789.8051765553168)

(29,1693.1054806596278)

(30,1616.883280677703)

(31,1557.5275410752442)

(32,1512.1549733924312)

(33,4126.817399883153)

(34,2834.8850889282303)

(35,2480.1283763745832)

(36,2278.258435987444)

(37,2124.7492556658403)

(38,1999.1939126909972)

(39,1894.905240200546)

(40,1808.133109002943)

(41,1736.0283621158649)

(42,1676.2035789196377)

(43,1626.6588586410985)

(44,9090.414535081394)

(45,4210.25381558804)

(46,3204.466123538643)

(47,2775.543573123123)

(48,2490.2444725394353)

(49,2269.627154982762)

(50,2092.2845961626826)

(51,1948.7985141667043)

(52,1833.0691336101356)

(53,1740.3964487162405)

(54,1667.1239101897486)

(55,1610.941011634719)

(56,6861.6479305419225)

(57,3576.9126109055364)

(58,2834.9471913659104)

(59,2484.608212196693)

(60,2241.708599015094)

(61,2053.0315840992707)

(62,1902.9274565149105)

(63,1783.6536933252817)

(64,1689.7462196544502)

(65,6249.128677840087)

(66,3495.2206967496522)

(67,2846.6348573619653)

(68,2525.538804882956)

(69,2296.738040239884)

(70,2115.8935205045796)

(71,1969.7224274577097)

(72,1851.4965992662796)

(73,1756.396350443365)

(74,1680.4947428237826)

(75,1620.5772329579795)

(76,3000.054313173994)

(77,2244.7985590805815)

(78,2002.07475504238)

(79,1851.4567764576934)

(80,3879.492792932911)

(81,2951.203820732016)

(82,2566.3812989890052)

(83,2297.3101750333944)

(84,2083.7574427534673)

(85,1911.0364217041306)

(86,1772.0138415475287)

(87,1661.3376231016252)

(88,1574.3830506338911)

(89,1507.0508133416213)

% MSE_test
(0,2106.036055514081)(1,1869.8095681774792)(2,1771.3738145208322)(3,1656.0288971595082)(4,1587.2853640964493)(5,1523.6871194014054)(6,1486.4467591939645)(7,1454.6659094037047)(8,1440.4688989228794)(9,1427.676029226402)(10,1428.3291525447137)(11,9681.224147763935)(12,2233.6658238820023)(13,2012.3567540759418)(14,1386.6515594211205)(15,1482.7198737352808)(16,28515.021288355743)(17,5113.801690221641)(18,3191.0211865512492)(19,1870.427879578995)(20,1978.0170060329199)(21,4352.511506833329)(22,3218.9883884349165)(23,2445.901339985328)(24,2283.7954478489282)(25,1987.0532116730874)(26,1874.159775174663)(27,1706.116548082704)(28,1645.3518030989335)(29,1543.3348533247552)(30,1528.6189662376194)(31,1457.598177095243)(32,1486.7292766993978)(33,4577.579342208623)(34,2694.8536068813037)(35,2634.4372679051116)(36,2313.106770955797)(37,2260.5126202290276)(38,2101.8246869068016)(39,2058.7172259986137)(40,1958.201499637386)(41,1936.9821876125598)(42,1862.0063991237287)(43,1865.4192517259683)(44,8266.307365478997)(45,4530.361274945805)(46,3078.739491000859)(47,2886.7654134138543)(48,2467.0031125057617)(49,2350.9550022698077)(50,2115.0889463070293)(51,2048.987876208893)(52,1892.7789149109483)(53,1878.4280164693723)(54,1753.4941204600211)(55,1800.498342518102)(56,6778.651872107846)(57,2590.085718350868)(58,2337.417427202176)(59,1803.850986612663)(60,1737.3025461131642)(61,1506.8292633171498)(62,1471.1510572838588)(63,1344.0595181512983)(64,1350.2691508965543)(65,6541.885803499401)(66,2923.705510211795)(67,2740.1339009685166)(68,2246.882073561611)(69,2184.878158686583)(70,1963.3721611464207)(71,1922.7652348657257)(72,1793.4777859643918)(73,1787.9675990372082)(74,1698.4766616839458)(75,1731.3182217761482)(76,2115.294376277506)(77,1922.5465618302574)(78,1507.3045836610045)(79,1508.6078827941355)(80,3643.0483944800417)(81,2316.202366467232)(82,2156.61645730093)(83,1826.9223660664945)(84,1710.9980519137944)(85,1542.8309026949435)(86,1476.8419022727019)(87,1386.293414697978)(88,1365.9191950929687)(89,1317.345579622714)

% MSSE
(0,1563.32)(1,1360.9953127617025)(2,992.5354361135951)(3,746.5050001590437)(4,634.53648134752)(5,726.0788046321381)(6,442.66750641819635)(7,346.23185247573326)(8,301.76399557463424)(9,287.2432893666775)(10,282.05528208501534)(11,8587.24)(12,2624.4693650457)(13,1514.9764746283017)(14,870.8682717779717)(15,800.2461607952835)(16,28543.6)(17,5486.295325147956)(18,1981.1063832770333)(19,1133.4624132909496)(20,982.3863481552518)(21,4314.88)(22,2711.9382559159853)(23,1670.309215631246)(24,1528.7560506410998)(25,1818.083067844552)(26,1106.6529321540306)(27,687.5142360881202)(28,613.3119644499136)(29,471.4506005780993)(30,478.8170317611107)(31,165.94050131665884)(32,259.57015377479536)(33,4187.52)(34,2940.001799459074)(35,2680.0353260678885)(36,2336.552998371264)(37,1868.0014211125756)(38,1897.2050523602427)(39,1601.7850769411527)(40,1356.8124365641977)(41,1491.6724518114775)(42,1285.6244094778901)(43,1405.8112299191594)(44,9614.48)(45,4911.231836173323)(46,3746.071369161651)(47,2799.4256153376373)(48,1729.9340197100714)(49,1797.4336019030866)(50,2014.6031804984448)(51,1640.820335739666)(52,1014.5313448996448)(53,925.5687922012183)(54,757.4231687502352)(55,805.4269518196785)(56,6279.65)(57,3285.096547198281)(58,2424.7215055922275)(59,2155.357826890244)(60,1390.0405773907682)(61,1017.9305793634621)(62,830.4002130757455)(63,571.4284845645294)(64,427.2337217900253)(65,6994.52)(66,3561.045079233478)(67,3557.2656107835187)(68,2485.872187173808)(69,2439.417808943891)(70,1921.11071568722)(71,1799.852337693062)(72,1527.9900440745228)(73,1266.4008283713822)(74,1231.0808725237112)(75,943.1985467741932)(76,2758.74)(77,1405.6071101598677)(78,1246.4520675577617)(79,734.6476578456687)(80,3957.15)(81,2340.25052307555)(82,1906.0227318197637)(83,1704.6623946620466)(84,1072.5859161515864)(85,1024.7426283035418)(86,567.6238212380682)(87,424.8163154490015)(88,508.1710379894545)(89,317.981373484737)
