% MSE
(0,351.22031727892835)

(1,351.02714746240673)

(2,350.8253406774257)

(3,350.61456403790555)

(4,350.3944772860952)

(5,350.1647332443233)

(6,349.9249783544012)

(7,349.6748533130394)

(8,349.41399381209396)

(9,349.14203139291436)

(10,348.85859442447713)

(11,348.5633092153652)

(12,348.2558012699938)

(13,347.93569669972516)

(14,347.60262379970857)

(15,347.256214802332)

(16,346.8961078181297)

(17,346.52194897476085)

(18,346.13339476428604)

(19,345.730114608352)

(20,345.3117936500304)

(21,344.87813577990727)

(22,344.4288669025398)

(23,343.96373844754004)

(24,343.4825311272762)

(25,342.98505894044854)

(26,342.47117341753756)

(27,341.94076810031953)

(28,341.39378324321814)

(29,340.8302107192007)

(30,340.250099107163)

(31,339.6535589312895)

(32,339.04076801566646)

(33,338.41197690949775)

(34,337.76751432962425)

(35,337.10779255771826)

(36,336.43331271959835)

(37,335.7446698636699)

(38,335.04255774471295)

(39,334.32777320826233)

(40,333.6012200599541)

(41,332.86391229367393)

(42,332.11697654258035)

(43,331.36165360843995)

(44,330.5992989177599)

(45,329.83138174845897)

(46,329.0594830689314)

(47,328.285291832997)

(48,327.51059958013155)

(49,326.7372932012687)

(50,325.96734574711064)

(51,325.20280517898266)

(52,324.4457809924402)

(53,323.69842868158304)

(54,322.9629320576572)

(55,322.241483489072)

(56,321.5362621911539)

(57,320.84941076212783)

(58,320.1830102357747)

(59,319.53905399931364)

(60,318.91942100497056)

(61,318.3258487825596)

(62,317.7599068346925)

(63,317.22297106188324)

(64,316.7161999172987)

(65,316.2405130253763)

(66,315.79657301009786)

(67,315.3847712626572)

(68,315.0052183305112)

(69,314.65773952722554)

(70,314.341876243477)

(71,314.05689328425444)

(72,313.80179236830287)

(73,313.5753317082636)

(74,313.3760513518529)

(75,313.20230371642845)

(76,313.05228850472326)

(77,312.92409096345386)

(78,312.8157222550809)

(79,312.72516057211374)

(80,312.65039154732403)

% MSE_test
(0,142.27177841119942)(1,142.26029718965015)(2,142.2482798570884)(3,142.23570334852621)(4,142.22254380630113)(5,142.2087765739499)(6,142.19437619269755)(7,142.1793164009166)(8,142.16357013694355)(9,142.14710954566937)(10,142.12990598935548)(11,142.1119300631606)(12,142.09315161589825)(13,142.07353977658158)(14,142.05306298734948)(15,142.03168904340077)(16,142.00938514060368)(17,141.9861179314801)(18,141.96185359029764)(19,141.93655788803446)(20,141.9101962780085)(21,141.88273399298623)(22,141.85413615460467)(23,141.82436789595025)(24,141.79339449814182)(25,141.76118154175737)(26,141.72769507392607)(27,141.69290179187394)(28,141.6567692436636)(29,141.6192660468023)(30,141.58036212530524)(31,141.54002896569168)(32,141.49823989225553)(33,141.45497036178733)(34,141.41019827773073)(35,141.36390432352678)(36,141.31607231463596)(37,141.2666895684235)(38,141.21574729075195)(39,141.16324097774174)(40,141.10917083073417)(41,141.05354218202558)(42,140.9963659284339)(43,140.9376589692185)(44,140.8774446442904)(45,140.81575316805387)(46,140.75262205358473)(47,140.68809652122388)(48,140.6222298850202)(49,140.5550839098385)(50,140.48672913135388)(51,140.4172451306073)(52,140.34672075432073)(53,140.27525427177957)(54,140.2029534588146)(55,140.12993559927716)(56,140.05632739442126)(57,139.98226477081545)(58,139.90789257782416)(59,139.83336416634614)(60,139.75884084139156)(61,139.68449118224342)(62,139.61049022538094)(63,139.53701850705679)(64,139.46426096441715)(65,139.39240569631795)(66,139.32164258752476)(67,139.2521618027596)(68,139.1841521600616)(69,139.11779939613032)(70,139.053284339694)(71,138.9907810124557)(72,138.93045468077943)(73,138.87245988493987)(74,138.81693847642256)(75,138.76401769734437)(76,138.7138083394854)(77,138.66640302354875)(78,138.6218746419383)(79,138.58027501035835)(80,138.5416337746326)

% MSSE
(0,126.96)(1,104.89721656531702)(2,62.37348123257585)(3,41.18978020814213)(4,61.17110914177649)(5,60.53200799038375)(6,39.911052380527565)(7,19.724679190616108)(8,19.48453687208939)(9,38.469691117186414)(10,0.0)(11,37.411666952014464)(12,55.27812960948183)(13,0.0)(14,71.33923188165336)(15,35.045947251329856)(16,51.6002996571251)(17,50.598130754490015)(18,16.520687914865817)(19,32.32789200699609)(20,31.591529494335788)(21,30.832257800323518)(22,30.050130836864483)(23,58.490592212546154)(24,0.0)(25,41.35292964871143)(26,26.69763034825992)(27,51.61131795087038)(28,24.893474498624215)(29,23.962003156228008)(30,11.506170036998837)(31,22.045760747744033)(32,10.531866181487713)(33,20.067924781724933)(34,47.6505525023485)(35,27.064090289176512)(36,34.03555948413052)(37,23.981934000185007)(38,7.478038389306439)(39,13.925211911245572)(40,6.4493407588990666)(41,11.880054913518858)(42,27.182866049566407)(43,9.88200765037106)(44,4.455457919244999)(45,11.946536659635091)(46,0.0)(47,15.409268369919104)(48,5.31942206118213)(49,2.2596077580347322)(50,5.652300050206102)(51,3.0714880357199323)(52,4.868272210735683)(53,2.7916245446193955)(54,2.7141643396138626)(55,0.4633143464975508)(56,0.2869412172322946)(57,0.0)(58,0.17398372082509447)(59,0.041879191007679076)(60,0.006875474919925444)(61,0.0)(62,0.12971265725936054)(63,0.2609289083831688)(64,0.43677264071839766)(65,2.624282532416051)(66,2.751448625761248)(67,4.8713306119870605)(68,3.1108939520185412)(69,3.853683182751161)(70,6.98525366755327)(71,5.512344000874201)(72,12.822997272295334)(73,11.017531647338474)(74,12.454824735780976)(75,0.0)(76,5.126901985335366)(77,11.226326164323112)(78,6.0920853763855085)(79,13.118318228187686)(80,21.03067789085304)
