% MSE
(0,4071.202905209535)

(1,3339.776670990285)

(2,3268.268079935693)

(3,3235.666268849541)

(4,3207.6524128378237)

(5,3181.304788124511)

(6,3156.2276632056914)

(7,3132.30833660234)

(8,3109.4760716451365)

(9,3087.669095302934)

(10,3066.8298346814054)

(11,3046.9048353267876)

(12,3027.845486651347)

(13,3009.60881824249)

(14,2992.1583655492523)

(15,2975.465745427939)

(16,2959.5156198648847)

(17,6624.293801785595)

(18,4116.483569016475)

(19,3898.0274565632467)

(20,3813.212205637541)

(21,3743.020064666773)

(22,3677.4307062449247)

(23,3615.1926570349274)

(24,3556.033855503306)

(25,3499.821927068306)

(26,3446.4470288923726)

(27,3395.8030963997007)

(28,3347.7857964948907)

(29,3302.2937933401145)

(30,3259.230802082687)

(31,3218.5084292262413)

(32,3180.051999917341)

(33,3143.8186219649824)

(34,3109.867191342872)

(35,3078.6675503598044)

(36,3052.627624347572)

(37,3044.5324252673163)

(38,9841.946796445307)

(39,4793.7808721544)

(40,4386.1385710514505)

(41,4249.164936690073)

(42,4141.534033873135)

(43,4042.8630315023092)

(44,3950.5417382149603)

(45,3863.9431656767033)

(46,3782.721796849786)

(47,3706.576680039692)

(48,3635.2141179262585)

(49,3568.3443476663165)

(50,3505.6850525944055)

(51,3446.9665723907)

(52,3391.9387863687907)

(53,3340.3841004970946)

(54,3292.1552527514186)

(55,3247.318381159616)

(56,3206.7808024769356)

(57,3175.387610005462)

(58,3160.207555938828)

(59,11350.18374981326)

(60,4405.400669712883)

(61,3875.0775080710114)

(62,3723.029365776778)

(63,3615.252475800924)

(64,3522.901003653073)

(65,3441.687343810832)

(66,3370.0866554616828)

(67,3306.9978244776257)

(68,3251.426108227748)

(69,3202.4396177781605)

(70,3159.1706528671807)

(71,3120.8242292845216)

(72,3086.6866810090737)

(73,3056.13439750214)

(74,10985.987806300725)

(75,4862.709968668293)

(76,4374.329501485119)

(77,4216.408601994355)

(78,4095.7431685475744)

(79,3987.314823651308)

(80,3887.686658213308)

(81,3795.8428339488873)

(82,3711.1272670324474)

(83,3632.9594928944607)

(84,3560.791842740588)

% MSE_test
(0,3048.060143836696)(1,2324.8228975179727)(2,2270.6664101067468)(3,2255.186814886405)(4,2245.4837162038307)(5,2236.4862490778924)(6,2229.2515974617854)(7,2222.655499911623)(8,2217.3988107779705)(9,2212.8012144981512)(10,2209.3734461206923)(11,2206.513863609742)(12,2204.7751886036094)(13,2203.412667047674)(14,2203.2961073463102)(15,2203.1310227836166)(16,2204.818024695219)(17,5052.495638280196)(18,2821.5451856963255)(19,2550.5484316999205)(20,2510.8025024493527)(21,2457.3038537047105)(22,2419.1935605267176)(23,2380.164974983102)(24,2346.649351230982)(25,2315.125365978254)(26,2287.408111494938)(27,2262.193590627725)(28,2240.1533073664004)(29,2220.6370826278053)(30,2203.851712846358)(31,2189.564703650834)(32,2177.468366114901)(33,2168.22767826993)(34,2160.00776573099)(35,2157.47165595835)(36,2153.399356358127)(37,2183.4179576426286)(38,8185.868251069469)(39,3441.7748420768316)(40,2960.8883353421234)(41,2873.246012669309)(42,2781.0686509852553)(43,2710.058224099407)(44,2640.627347868112)(45,2579.3189571006305)(46,2522.4958596251636)(47,2471.5744230945916)(48,2425.430255247907)(49,2384.170190820069)(50,2347.4894354344165)(51,2314.8021142683315)(52,2286.600708513945)(53,2261.191556094333)(54,2241.0930091878417)(55,2221.2587495529274)(56,2212.5456170225766)(57,2199.305603985482)(58,2223.399044527331)(59,10542.923314599391)(60,2941.77915198682)(61,2544.3141975570543)(62,2365.13284977139)(63,2292.3245837788336)(64,2214.0817562846732)(65,2161.079171025388)(66,2113.457145282373)(67,2080.4224411796636)(68,2053.442602954402)(69,2036.7871549398105)(70,2024.5082389617492)(71,2020.0917052420332)(72,2017.6679759165534)(73,2022.0954774689242)(74,9418.27761404142)(75,3399.6533602352183)(76,2868.268765162095)(77,2755.382316150799)(78,2653.9058868658813)(79,2577.687368630792)(80,2505.370383729562)(81,2445.1237720641634)(82,2390.420015752598)(83,2344.5369076285174)(84,2303.6093294915845)

% MSSE
(0,1306.27)(1,718.1970900739415)(2,645.1896254598278)(3,599.600394572457)(4,528.0052575188342)(5,490.4909400377058)(6,573.2778411968368)(7,449.21661949646716)(8,437.1505849232003)(9,407.5532144339281)(10,403.15930059785865)(11,462.4875112239231)(12,297.8057757240607)(13,342.56980943542226)(14,306.52061253764396)(15,288.3288291849618)(16,289.3182969400525)(17,3806.57)(18,2744.8239959461407)(19,1762.8167186934836)(20,1716.1179655418646)(21,1456.5368196909042)(22,1193.8896428535759)(23,974.9747484770919)(24,1065.5605812706876)(25,1245.5226878813307)(26,785.0413658685102)(27,815.4863209569345)(28,863.0640968211596)(29,1093.6109703903471)(30,936.3350005257006)(31,766.963321608684)(32,771.7624856199026)(33,554.487279721377)(34,729.9198098189781)(35,625.9052641764389)(36,487.9888492939705)(37,496.146402370646)(38,7557.61)(39,3039.5110627734884)(40,2650.337692072254)(41,2602.3573245013)(42,2209.2770830201407)(43,2125.3970269392444)(44,2355.1505503144376)(45,1861.7553644285972)(46,1721.197041947669)(47,1696.4497183281992)(48,1748.494404894817)(49,1581.869423662432)(50,1098.6890177064574)(51,1397.0065660864243)(52,1075.8222359313843)(53,1098.8910389669377)(54,1011.5701753972775)(55,755.8331916148815)(56,890.7590912324424)(57,776.7456178003422)(58,714.8845678191116)(59,9391.43)(60,4011.5351624097293)(61,2859.2703312623844)(62,2194.635244612031)(63,2032.251214021592)(64,1591.8140947919496)(65,1839.4362622525923)(66,1550.7584868042575)(67,1507.6578277605813)(68,1320.3672691684321)(69,1058.5661923374487)(70,1050.1613296249843)(71,809.7872735828294)(72,617.3284899974791)(73,618.0491700670525)(74,12220.44)(75,4682.806921351592)(76,3782.920817530687)(77,4441.524541795449)(78,3877.425938429349)(79,3014.1556369808222)(80,2456.642287868935)(81,2518.719491128139)(82,2053.016085651622)(83,2459.8185250620663)(84,1883.8367442241067)
