% MSE
(0,4605.275584132819)

(1,4555.752823536398)

(2,16098.91013577896)

(3,8517.053916501967)

(4,5988.060409651495)

(5,4946.100673826366)

(6,7300.772562451389)

(7,4263.265770084914)

(8,3261.1692229106643)

(9,2856.664866014357)

(10,5219.815581343093)

(11,4974.213699621703)

(12,4016.715438172618)

(13,8537.793333090141)

(14,5166.336442375838)

(15,4033.3793903093306)

(16,3558.882894785657)

(17,3326.0846814575402)

(18,3212.3545087051843)

(19,14148.392699345459)

(20,7354.471069202424)

(21,5109.256979069834)

(22,4203.458038828565)

(23,6958.0221471948125)

(24,4127.904765703973)

(25,3200.0055231106576)

(26,13208.238126737002)

(27,6520.40540533539)

(28,4351.294689251863)

(29,3509.3977808003788)

(30,8609.225403467633)

(31,5062.964835565394)

(32,3867.3344299232963)

(33,3364.3985629370572)

(34,5369.446638230759)

(35,5000.882509043428)

(36,10155.906355963481)

(37,5630.946089050535)

(38,4132.063359836378)

(39,4480.047431770005)

(40,4461.593613550199)

(41,7768.344281465968)

(42,4491.626883427105)

(43,3417.3670367610957)

(44,2989.344159925653)

(45,5460.820449109947)

(46,5457.290122599342)

(47,4094.606965038895)

(48,9175.386865823444)

(49,8935.24049204747)

(50,10965.9748123135)

(51,6555.453332794601)

(52,6064.725568348626)

(53,5711.3727186386495)

(54,11619.089667688428)

(55,6055.714804130928)

(56,4250.943371713468)

(57,3547.204171733975)

(58,5220.9605820869765)

(59,4707.925980594655)

(60,3299.6936997598905)

(61,3262.9260181978366)

(62,45909.21987170941)

(63,19377.575586923034)

(64,10891.388832981313)

(65,7694.321782904074)

(66,6422.419505180185)

(67,6086.601503666522)

(68,5809.73128654351)

(69,5378.327295109165)

(70,11557.10796753358)

(71,6459.3094885799555)

(72,4752.600796145853)

(73,4042.587252932486)

(74,12785.811923452999)

(75,6834.7592163974905)

(76,4866.1177424185635)

(77,4068.6768444662575)

(78,3700.994480626505)

(79,4693.06663178102)

(80,4496.607638994883)

(81,8947.866506475095)

(82,5600.491360010795)

(83,4425.675660034193)

(84,3893.6878768396587)

(85,29909.48247128524)

(86,13974.026629262531)

(87,8777.426567761404)

(88,6732.497413319609)

(89,3387.2686839502144)

(90,3325.9344895820827)

(91,5146.551546507351)

(92,4724.1643761005835)

(93,4339.788391272859)

(94,3996.0001382388655)

(95,3701.378907076916)

(96,3482.777035722075)

(97,3429.3936750238463)

(98,13765.197063315796)

(99,8177.792972851602)

(100,6203.034307551807)

(101,5298.482215718374)

(102,2985.6439918995397)

(103,2831.9698544746666)

(104,2700.344450851895)

(105,3564.200407807152)

(106,3375.2387331668415)

(107,6893.006737533817)

(108,4058.90121516534)

(109,3136.418435376276)

(110,2773.6086138621777)

(111,3860.3703934964683)

(112,3591.512849226766)

(113,9783.434330721706)

(114,5534.238593252106)

% MSE_test
(0,3375.979965606796)(1,5130.791998635193)(2,13022.65411786128)(3,10426.666202991077)(4,4638.100241928425)(5,5777.583269257223)(6,5431.013523971541)(7,4345.654633772612)(8,2083.8267230598703)(9,2582.129953412001)(10,5998.12697516118)(11,3825.853883328527)(12,4410.347492177774)(13,6813.798752861908)(14,3699.9514372571502)(15,2418.3268426260624)(16,2165.385290059609)(17,1824.5889787015117)(18,1931.4277500910434)(19,11342.850142741858)(20,8569.295970379437)(21,3716.5281129304276)(22,4558.302372318377)(23,6912.689326850442)(24,2625.651142707684)(25,2648.112298156269)(26,11256.648991652779)(27,7026.096569166473)(28,3258.5033084920515)(29,3494.6284367526455)(30,7243.135934616579)(31,4874.941956579452)(32,2907.393862569769)(33,3004.3453546993296)(34,5015.034891616643)(35,6291.119650818956)(36,11864.725825031564)(37,4145.678145013405)(38,4560.124383931391)(39,2989.7799293705607)(40,4487.4046887708955)(41,5807.752374390513)(42,3827.6561329427814)(43,1929.9476658009382)(44,2189.9686486706396)(45,5760.477883031254)(46,4075.893189647987)(47,4120.748966688565)(48,7790.75368327372)(49,12559.695929568712)(50,8677.08434398431)(51,9121.943472452142)(52,6784.406284900381)(53,9134.938254374272)(54,9342.79029408721)(55,7223.538557488621)(56,3143.767350157461)(57,4040.748981829252)(58,4716.2839136299635)(59,5170.621213163197)(60,2459.370171137211)(61,3674.152683045839)(62,44398.256115306845)(63,18378.439330706813)(64,9211.954271938872)(65,6624.4522166203715)(66,4829.628876845925)(67,5142.614797656461)(68,4525.724487365314)(69,5771.074387113318)(70,9196.162684398407)(71,8033.804901836692)(72,3736.4423325216617)(73,4814.865744155949)(74,12851.1952610614)(75,4918.979942411992)(76,4267.9230546046765)(77,2537.2015712307307)(78,3014.0411358225783)(79,2980.7086137910687)(80,3754.2197302134996)(81,7269.341839295152)(82,5937.150268338683)(83,3421.991392953601)(84,3857.233326798616)(85,26184.011699811825)(86,15225.375669637624)(87,6758.4788131294)(88,6985.15093822928)(89,2551.582075732976)(90,3400.900263570057)(91,6470.2780013798465)(92,5696.9714902274145)(93,5461.442230723123)(94,4727.220582535891)(95,4701.409102518722)(96,3895.9006242290775)(97,4495.298379136374)(98,11122.156860988493)(99,9973.951232322124)(100,5085.106276815172)(101,6143.0444641432)(102,3267.3500129723475)(103,2810.1380758010087)(104,2928.577616930903)(105,3432.836834626877)(106,3953.7408236775773)(107,5398.535207857118)(108,4056.14999681619)(109,2156.8996008306153)(110,2492.3466281707692)(111,3245.144991752439)(112,4162.1520745162425)(113,9723.260869690199)(114,3941.373530414217)

% MSSE
(0,3854.87)(1,4304.053472561503)(2,17038.57)(3,12558.904908461656)(4,5793.721327880903)(5,6075.012895599751)(6,5458.19)(7,3188.6787161613015)(8,1372.5890131678293)(9,1953.0263304433724)(10,9194.73)(11,5430.953861708299)(12,4471.382029825824)(13,9186.23)(14,4357.327939221013)(15,4288.417438602985)(16,3081.1844808976375)(17,2982.633579985403)(18,2315.2825192841456)(19,12324.6)(20,6062.204642961144)(21,3874.8633700684686)(22,5218.058371779832)(23,7005.41)(24,2147.445839453206)(25,2385.4465594481585)(26,11326.2)(27,7451.8400374133125)(28,3131.6245820584522)(29,2623.1626034008104)(30,9214.98)(31,5668.131724976093)(32,3693.6627255740814)(33,2634.3000676936313)(34,6522.48)(35,7640.845243863253)(36,10809.9)(37,4187.329175276589)(38,4473.633341778229)(39,2596.43)(40,3875.776719331147)(41,5573.49)(42,4473.86832917093)(43,1939.2288213647855)(44,1982.1282156662564)(45,5636.95)(46,4420.026349966459)(47,4713.931632798438)(48,10911.39)(49,9979.31792549553)(50,11179.42)(51,11373.842214266246)(52,9360.68)(53,9894.00063469666)(54,9859.23)(55,5792.5469924456065)(56,3236.0458358501473)(57,3280.3802737996143)(58,6901.58)(59,6527.213090848684)(60,2899.63)(61,3051.783819981394)(62,43738.42)(63,18689.916569115107)(64,8136.126194631561)(65,5968.695313528708)(66,4432.001007962555)(67,5231.661607037083)(68,5202.81)(69,5502.857206129036)(70,9084.2)(71,6949.536470513217)(72,4427.033592389577)(73,4025.0091742608824)(74,11878.14)(75,7312.6014530145385)(76,4698.636044851565)(77,2864.9478988645396)(78,3785.1007257936235)(79,5150.76)(80,4524.594961691022)(81,9413.76)(82,7173.246829712776)(83,5309.429889925826)(84,4758.036293904399)(85,30275.37)(86,17077.710430228413)(87,7924.388086439512)(88,7334.11739889534)(89,2070.94)(90,2693.0471360322395)(91,10501.07)(92,7167.811322300029)(93,5972.882748295891)(94,6510.028089156096)(95,5309.896709599786)(96,4325.4823700229945)(97,3824.1966751388336)(98,14624.14)(99,12648.742474436189)(100,7070.32365239232)(101,6755.21443446694)(102,3233.24)(103,2837.2321704285505)(104,2613.8501741781142)(105,3837.34)(106,4939.3445023143195)(107,5255.15)(108,3698.0408647484787)(109,1903.62196754454)(110,1891.3943560710313)(111,3177.31)(112,3283.84448347683)(113,9864.8)(114,4736.687522973342)
