% MSE
(0,6026.307561898946)

(1,1807.4525128149505)

(2,1544.856738020152)

(3,1506.9070913532178)

(4,1489.836483468515)

(5,1476.6781982846614)

(6,1465.3747552784032)

(7,1455.5297962939783)

(8,1446.9871501837663)

(9,1439.631224171922)

(10,1433.3530341022501)

(11,1428.0445860131333)

(12,1423.5992743644495)

(13,1419.9141276867902)

(14,1416.8938583683523)

(15,1414.4601175809912)

(16,1412.580293633368)

(17,3485.1434744995217)

(18,1783.4963074938396)

(19,1652.9590686329225)

(20,1613.9028199771494)

(21,1585.4626710852456)

(22,1560.8204647246241)

(23,1539.0521186515061)

(24,1519.8770648934828)

(25,1503.0975027622683)

(26,1488.5221871425401)

(27,1475.9560807590206)

(28,1465.2013311002627)

(29,1456.0606039864902)

(30,1448.3410067861994)

(31,1441.858475029592)

(32,1436.443873157118)

(33,1431.9564142527643)

(34,1428.3287420583104)

(35,1425.7585193189134)

(36,1617.6065860694198)

(37,1457.5814196054826)

(38,1443.5710205107914)

(39,28072.23617904342)

(40,3815.1334332237802)

(41,2292.422720082676)

(42,2061.9108896613934)

(43,1952.6953173580298)

(44,1867.233345257551)

(45,1793.6422843041985)

(46,1729.5758967185134)

(47,1674.0610421540423)

(48,1626.3523265688473)

(49,1585.7386306806438)

(50,1551.5125939383727)

(51,1522.974654903252)

(52,1499.447628282636)

(53,1480.3015095835117)

(54,1465.0079958246702)

(55,1453.307067050167)

(56,1445.8392156352315)

(57,1441.8999367689944)

(58,1843.5572031448346)

(59,1539.3315360050929)

(60,1516.6398199831433)

(61,9453.928507372826)

(62,1903.4198042823393)

(63,1461.9934885165933)

(64,1421.4830382552902)

(65,1415.669277085293)

(66,4820.6836214717505)

(67,2428.1907203372793)

(68,2185.1798190683617)

(69,2073.0938915830498)

(70,1981.4373079627915)

(71,1900.675596650944)

(72,1829.2702186769309)

(73,1766.5218570341983)

(74,1711.8121941695686)

(75,1664.5073816048757)

(76,1623.9518393394799)

(77,1589.4777200600365)

(78,1560.417520436718)

(79,1536.1171410361217)

(80,1515.9489467182607)

(81,1499.3262864242015)

(82,1485.726915093984)

(83,1474.7583798177695)

(84,1466.4219552927589)

(85,9860.384321276317)

(86,1987.8319626770651)

(87,1526.421056890569)

% MSE_test
(0,6916.821429003026)(1,2089.0260563886363)(2,1980.749199758854)(3,1876.484367653993)(4,1872.2368929496888)(5,1839.2094978112634)(6,1825.8845004765774)(7,1804.8610477136265)(8,1792.6201898226736)(9,1777.1994435952336)(10,1767.8883342581746)(11,1756.0405781177908)(12,1749.985516225517)(13,1740.167003992605)(14,1737.899107611772)(15,1727.7300918446579)(16,1731.9484456098617)(17,4233.787737221194)(18,2206.4280009257104)(19,2141.1760262208422)(20,2053.3078479428927)(21,2019.676377431686)(22,1973.0589634012906)(23,1940.3579852255186)(24,1906.0668086471726)(25,1879.4344360546572)(26,1853.3417713256601)(27,1833.0450343345474)(28,1813.2112834602494)(29,1798.631748074463)(30,1783.3311195900103)(31,1774.010060478496)(32,1761.010080403413)(33,1757.8976512995496)(34,1742.490590805337)(35,1753.0654974531678)(36,2110.6035924066223)(37,1713.9096116668934)(38,1758.2644027589067)(39,28954.610916515696)(40,4597.564684099899)(41,3086.658268785293)(42,2759.791333987199)(43,2615.464287246606)(44,2469.6431677095147)(45,2359.446199563424)(46,2251.2645783300854)(47,2165.6266029197955)(48,2084.3782518241314)(49,2021.3292689956463)(50,1961.1188817523364)(51,1917.8402556050967)(52,1872.8559538397237)(53,1847.5595916774064)(54,1810.1320463747586)(55,1806.5697950125575)(56,1761.332388234203)(57,1796.9324286031167)(58,2393.462144277262)(59,1858.5054853369447)(60,1892.7373038747508)(61,10725.51075232692)(62,1967.2825087143526)(63,1847.78972303243)(64,1702.41031907848)(65,1737.2235895122783)(66,5760.470373606178)(67,3276.8830801379577)(68,2986.876861015026)(69,2803.2283579328505)(70,2661.3574672507466)(71,2526.9454247939416)(72,2412.4341569331805)(73,2307.8553358758068)(74,2218.6893784325885)(75,2138.9763818332312)(76,2072.117670807926)(77,2012.8835019328253)(78,1964.7510337504661)(79,1921.5044534279432)(80,1888.8281177467243)(81,1856.6082132457593)(82,1837.8862189113368)(83,1809.3697272028683)(84,1810.6968451492291)(85,11191.080258569296)(86,2047.0258288165608)(87,1923.5636237022038)

% MSSE
(0,5850.97)(1,641.1571043155425)(2,588.0082256009962)(3,459.1631383388242)(4,443.9489557924211)(5,397.32720346546273)(6,379.0354953112851)(7,322.42184040716415)(8,295.00289863409836)(9,271.7889068130056)(10,268.0038342458199)(11,227.10777216103236)(12,226.7681126993631)(13,206.2810501353914)(14,212.65207496445112)(15,190.53277250978147)(16,171.2942449245492)(17,3608.45)(18,1257.4181399233569)(19,1160.2094112526236)(20,1018.3334200665155)(21,973.7730797145371)(22,967.3358736918605)(23,835.0390677997545)(24,746.9156052902274)(25,749.4667032079523)(26,631.8055811918695)(27,543.7549739025491)(28,695.6718284776666)(29,589.2665941276215)(30,453.66051798650346)(31,511.0504060278459)(32,497.60646113987065)(33,479.64088209335154)(34,521.4734973890784)(35,362.36596604450415)(36,863.88)(37,201.95815936833907)(38,209.64650184953172)(39,29451.62)(40,5024.4313982427)(41,2500.2606112219005)(42,2062.5776796149785)(43,1628.1286498541783)(44,1667.9846885247816)(45,1374.4989474670197)(46,1031.8240756629423)(47,1069.950468146123)(48,953.6451078760426)(49,933.7980866436069)(50,777.0723940052313)(51,627.9582197159467)(52,559.9412764504914)(53,595.3072842160263)(54,354.201706016522)(55,514.0860583638334)(56,396.6329802278962)(57,355.3870288319696)(58,1110.41)(59,329.24759267098045)(60,440.7213790487781)(61,8551.1)(62,906.8885173380075)(63,506.93302519831855)(64,401.75419037748645)(65,416.92093209994925)(66,6766.73)(67,3079.1337871408964)(68,2334.100044331889)(69,2091.1550046047346)(70,2026.318944639895)(71,1757.316461515873)(72,1834.7154882225798)(73,1291.4865078586383)(74,1372.9944350704736)(75,1182.8339446402601)(76,1094.700376440182)(77,965.9870376018658)(78,888.6066600336859)(79,570.2419270888852)(80,614.3334681465471)(81,540.2226535107656)(82,741.1260495806283)(83,607.0545671402944)(84,458.4849092745951)(85,10199.55)(86,808.8355073388796)(87,587.6893676222959)
