% MSE
(0,4340.043468178029)

(1,4114.006294365998)

(2,3970.627046451989)

(3,3843.4858240593317)

(4,3728.500881681443)

(5,3624.980483651226)

(6,3532.2928331753083)

(7,3449.751171013164)

(8,3376.6256709358686)

(9,3312.1588699787476)

(10,5991.124490579695)

(11,5051.754219823092)

(12,4795.550865982438)

(13,4593.052690367006)

(14,4409.223862653991)

(15,4241.997892911883)

(16,4090.465633792714)

(17,3953.6695509644114)

(18,3830.5967244039034)

(19,3720.200766193839)

(20,3621.423845296472)

(21,3533.217679753942)

(22,3454.5627307183076)

(23,3384.484923497766)

(24,3322.0693539217145)

(25,5145.671338053984)

(26,4669.340507408979)

(27,4437.372732322167)

(28,4238.894425533375)

(29,4061.480823991556)

(30,3903.6157957645437)

(31,3764.0824820795133)

(32,3641.579900198305)

(33,3534.7412690615292)

(34,3442.1625868037618)

(35,3362.4310961684946)

(36,3294.152508124856)

(37,3235.976012062523)

(38,17437.112329746262)

(39,4721.583765893629)

(40,3948.816310410791)

(41,3824.982174031986)

(42,3732.644444897232)

(43,3648.4268339406926)

(44,3571.4450924921052)

(45,3501.298892292233)

(46,3437.5659866418573)

(47,3379.8055992597338)

(48,3327.5677833310883)

(49,4322.234571469992)

(50,3883.97352107881)

(51,3755.3216749263693)

(52,3652.2179966803646)

(53,3558.8991627611545)

(54,3474.464072488273)

(55,3398.5129950958867)

(56,3330.602509752278)

(57,3270.2421596503705)

(58,4108.03394632986)

(59,3992.764208436052)

(60,3896.6163376596983)

(61,3806.28185930181)

(62,3721.0856284018932)

(63,3641.0216528512124)

(64,3566.075365104894)

(65,3496.1986075764376)

(66,3431.3106835152785)

(67,6351.141001792577)

(68,4194.1968925911215)

(69,3926.4994547279266)

(70,3776.4391038760446)

(71,3646.4148961976916)

(72,3531.8735940331057)

(73,3431.7027308048664)

(74,3344.8003443856287)

(75,3270.0176305272057)

(76,3206.1819197317154)

(77,3152.120274887356)

(78,3106.6819272710936)

(79,3068.7587464380936)

(80,4504.252059141773)

(81,4192.110831297515)

(82,4001.3443716428806)

(83,3835.925594907211)

(84,3689.673278125132)

(85,3561.2816488538733)

(86,3449.5258163427857)

(87,3353.1022260242353)

% MSE_test
(0,3155.883418278881)(1,3061.026031330783)(2,3015.1141391926617)(3,2975.7642449414616)(4,2943.8148740452475)(5,2919.5391919687354)(6,2902.452170289341)(7,2891.885420457599)(8,2887.1265412316748)(9,2887.450804751091)(10,4232.925380948221)(11,3556.3178584294146)(12,3445.3758496538467)(13,3366.81873014215)(14,3298.6841461937443)(15,3241.146843954189)(16,3193.7121235838786)(17,3155.5549869224938)(18,3125.778664974129)(19,3103.468569814625)(20,3087.7135075148253)(21,3077.6233352501463)(22,3072.3451318227003)(23,3071.077370995489)(24,3073.081620602932)(25,4472.924641825539)(26,3862.4193088168554)(27,3685.0473486768938)(28,3585.791403003594)(29,3511.578303450242)(30,3452.1541471273945)(31,3404.9537986149553)(32,3368.664500392417)(33,3342.099802275323)(34,3324.0709712952826)(35,3313.3988852742923)(36,3308.9363948422083)(37,3309.5890086031477)(38,14714.264274390911)(39,3620.5716388029664)(40,3079.3173686513082)(41,3048.579165418204)(42,3028.6651028942756)(43,3011.6897184658683)(44,2999.066420348182)(45,2990.6491313722768)(46,2986.0230997065405)(47,2984.7476797501686)(48,2986.38416990373)(49,3212.656648572193)(50,2932.0522274574446)(51,2889.8032476491626)(52,2860.360050085518)(53,2837.1998797111983)(54,2820.881335090705)(55,2811.074921313891)(56,2807.2003873454464)(57,2808.6197800795762)(58,3001.9442744399153)(59,2945.6313773164734)(60,2921.2297379152733)(61,2904.8196909008493)(62,2892.762743908064)(63,2884.30576302962)(64,2879.176518800514)(65,2877.1589792019877)(66,2878.0256868927454)(67,4713.9832693931985)(68,3381.7421776191027)(69,3339.778554580136)(70,3297.809013822202)(71,3248.9208582633764)(72,3206.330113099966)(73,3172.0361227066664)(74,3145.5604705087526)(75,3126.088917591001)(76,3112.7781979009387)(77,3104.7950934687547)(78,3101.3327810123856)(79,3101.6252538388676)(80,4053.7300235898)(81,3715.234907886245)(82,3583.6556678135876)(83,3493.6911915831424)(84,3420.3295612240604)(85,3358.536074922583)(86,3306.7918104912233)(87,3264.123422971159)

% MSSE
(0,2162.03)(1,1985.7975854270005)(2,1797.7892857457314)(3,1951.7164145545833)(4,1493.3153498180955)(5,1298.962195462434)(6,1004.9226829871295)(7,718.0379263446935)(8,780.6453576116828)(9,456.66484993857375)(10,7021.23)(11,4948.56868730967)(12,3848.6860046342504)(13,3053.174237410455)(14,3456.31802354394)(15,3564.0486116635207)(16,2710.7393564341514)(17,2276.204601920018)(18,2176.0156975826317)(19,1456.7256747495737)(20,1530.8291257007697)(21,1085.1637810984253)(22,1033.4546155601595)(23,892.4769192011424)(24,962.9480601147076)(25,4208.44)(26,3633.4797454203926)(27,3163.931381520908)(28,2301.4622142726585)(29,2194.393937897417)(30,2215.0937980540607)(31,1556.3883067636302)(32,1570.3914250724174)(33,1227.6333529508354)(34,1286.6029834130836)(35,1027.1902589870137)(36,655.2777662544939)(37,1011.4011041637042)(38,14643.18)(39,2796.2588196594193)(40,1904.1086812590322)(41,2076.1133068802624)(42,1407.00502096585)(43,1192.1218248105288)(44,1391.5052665765734)(45,1243.154974301557)(46,888.0594304325982)(47,815.4932783676818)(48,661.8983765939373)(49,2409.38)(50,2488.470334156886)(51,1954.33443663872)(52,1515.7153652619072)(53,1391.4301686683382)(54,1172.6835858357038)(55,634.5030188722371)(56,786.9694601714783)(57,638.7803200760968)(58,2501.42)(59,2656.0531167285544)(60,1797.1157620025922)(61,2319.274703106343)(62,1960.3913652453225)(63,1398.2349137160822)(64,1610.1885649337946)(65,1173.4329150597753)(66,883.4915805754534)(67,3583.25)(68,1186.700187569631)(69,1550.6118691598301)(70,1188.0051873719153)(71,1203.1539345613721)(72,839.8453613848507)(73,522.1797034293046)(74,646.0983018640245)(75,512.0319531936416)(76,336.0329076226103)(77,342.3438109458547)(78,227.03835397829397)(79,197.1012962599069)(80,2421.93)(81,2214.3936496764013)(82,1557.514327187434)(83,1288.140458894902)(84,1283.8429168096889)(85,803.3069169081438)(86,733.4711172465061)(87,610.2868801002897)
