% MSE
(0,4888.080918092116)

(1,2344.364269259312)

(2,1600.6211787989162)

(3,1281.8377470898092)

(4,1086.5831012197891)

(5,949.2732718761204)

(6,850.7108355325125)

(7,780.7849991492772)

(8,732.0812546075299)

(9,698.8177169165538)

(10,676.5367484072102)

(11,661.8827550353658)

(12,652.3956018423481)

(13,646.3210484679586)

(14,642.4439272001896)

(15,639.9474051895161)

(16,638.299077869004)

(17,637.1625225854505)

(18,636.331449576798)

(19,635.6827458081289)

(20,635.1444504133158)

(21,634.674900935747)

(22,634.2497902097346)

(23,633.8545199370725)

(24,633.4799008032102)

(25,633.119842275587)

(26,632.7701518911203)

(27,632.4279129373818)

(28,632.0911438451861)

(29,631.7585870557363)

(30,3414.10023801368)

(31,1473.1451969253435)

(32,1028.2849756350781)

(33,901.2947109139012)

(34,841.3744680497621)

(35,800.3878689749489)

(36,768.9896169292784)

(37,744.4314795677518)

(38,725.1405155433578)

(39,709.9274988924647)

(40,697.8609913488727)

(41,688.2190966330952)

(42,8421.38540174064)

(43,2485.8794896931413)

(44,1225.9462233215033)

(45,940.900462708676)

(46,846.1416745441577)

(47,793.8841847663846)

(48,757.8170342209123)

(49,731.8885098568394)

(50,713.2975664817271)

(51,700.0548144049878)

(52,690.6412013119418)

(53,683.9116467941072)

(54,679.0238267886888)

(55,675.3741079576631)

(56,672.5412599457247)

(57,670.2390052245572)

(58,668.2776499524563)

(59,666.5343240949011)

(60,664.9308543639012)

(61,663.4180094553351)

(62,661.9647714378224)

(63,660.5513566599635)

(64,659.1648809044627)

(65,657.7967842179476)

(66,656.4413573904328)

(67,655.0949144798193)

(68,653.7553183276439)

(69,652.4216849067526)

(70,651.0941719070407)

(71,649.7738055901208)

(72,648.4623268177625)

(73,647.1620502557098)

(74,645.8757360009779)

(75,644.6064741680539)

(76,643.3575825856104)

(77,10621.742748799126)

(78,3665.413001121254)

(79,1998.4676369370925)

(80,1479.8338985217897)

(81,1222.5763656445324)

(82,1051.6589428323011)

(83,929.1034319804204)

% MSE_test
(0,3910.5583019189253)(1,1910.0889279631174)(2,1395.2580176865954)(3,1173.6380623790947)(4,1020.6502395961071)(5,903.1390364023283)(6,815.2316835329766)(7,752.0587970733762)(8,708.1885133486402)(9,678.5938344872201)(10,659.1409268919024)(11,646.6524025237244)(12,638.7936012481312)(13,633.9112491066928)(14,630.8757032532294)(15,628.9440223740112)(16,627.6481836317877)(17,626.7079145310972)(18,625.9655751099169)(19,625.3396055252858)(20,624.7927650962899)(21,624.3115444524026)(22,623.89358050253)(23,623.5404991888165)(24,623.2542325334354)(25,623.0354204350635)(26,622.8829690156246)(27,622.7941836851542)(28,622.7651362039927)(29,622.7910816916677)(30,2223.2505963944413)(31,836.5439453321263)(32,639.4114716193124)(33,627.1562438304597)(34,624.6962883089677)(35,616.8381704397547)(36,608.0939351337115)(37,601.2583069918109)(38,596.8831862277584)(39,594.6068694682605)(40,593.8747301928286)(41,594.1947963824364)(42,7259.951109562517)(43,1996.9236509843681)(44,995.7471258730395)(45,812.7229092278368)(46,758.6781608254516)(47,723.2114784936199)(48,694.8264084706271)(49,673.1601237881671)(50,657.4721288833196)(51,646.476378072553)(52,638.8933277748345)(53,633.6750279449763)(54,630.036725941242)(55,627.4213258715682)(56,625.449817292059)(57,623.8751115461753)(58,622.5437608412423)(59,621.3659890876228)(60,620.2932634083407)(61,619.3022448911794)(62,618.3838458213152)(63,617.5361648035591)(64,616.7602155574305)(65,616.0575613343419)(66,615.4291743453406)(67,614.8750299664058)(68,614.3941032921018)(69,613.984556097803)(70,613.6439880241078)(71,613.3696831242477)(72,613.1588190358248)(73,613.0086273884688)(74,612.9165056349909)(75,612.8800858748224)(76,612.8972679069451)(77,7992.663726470414)(78,2424.0889715114654)(79,1344.8926047495127)(80,1083.7111713386023)(81,946.8209764357194)(82,839.5931182147721)(83,756.848275862121)

% MSSE
(0,4578.37)(1,1689.4812127919754)(2,1075.798997342464)(3,760.8841395957834)(4,611.5367032322399)(5,483.928460957186)(6,337.7954405733371)(7,247.1730199667535)(8,210.60145126969599)(9,154.38461601745422)(10,97.3687642342172)(11,109.92090445576144)(12,103.72131296109642)(13,104.94436284080281)(14,75.71711571686421)(15,107.50366624021703)(16,83.5768123745091)(17,77.29613846554354)(18,93.08386134941252)(19,50.7527308264222)(20,97.92570715249065)(21,64.83852557869461)(22,57.263005728901405)(23,91.67076876500062)(24,86.36449294859187)(25,75.61757640508948)(26,51.746218804547716)(27,65.28872372305648)(28,75.45966357512835)(29,44.399665679675905)(30,2041.99)(31,1224.2892170317518)(32,287.57704892322147)(33,152.64030881784373)(34,199.70898043426007)(35,165.9275794803897)(36,188.3422471911706)(37,157.61900472374467)(38,78.48110652635044)(39,61.96147276323086)(40,88.15091497026474)(41,70.68009769810618)(42,7095.51)(43,1255.0840645392004)(44,547.5402891360972)(45,466.9464004987147)(46,393.3210949418211)(47,268.05302299417036)(48,263.80984427144267)(49,196.30909494088166)(50,289.3377603197914)(51,191.44546292719886)(52,225.11768688358745)(53,182.37700742821463)(54,193.55322138233964)(55,157.390598291637)(56,126.6522672988371)(57,149.65770052107882)(58,171.26631685630798)(59,124.60144498279227)(60,236.76450431835798)(61,140.58642775774908)(62,129.64742435198283)(63,123.87771561166535)(64,168.0726335044821)(65,136.52145968158658)(66,134.19748927775368)(67,116.1879353515954)(68,116.43579452901585)(69,106.67282099699447)(70,142.17550646229952)(71,103.1595836861446)(72,127.03468877176263)(73,93.59561213574298)(74,101.22302826480487)(75,89.28971044943995)(76,99.6140383861525)(77,8371.56)(78,2140.4249762262725)(79,1280.9266881874057)(80,759.5858985342753)(81,592.8916296646321)(82,551.0732838420771)(83,342.9315120297835)
