% MSE
(0,2078.5832099934437)

(1,595.6618754310806)

(2,301.0779540178867)

(3,245.95275778291665)

(4,233.16858960335753)

(5,227.08548479066584)

(6,222.19278754723118)

(7,217.77577612963893)

(8,213.7548621739513)

(9,210.116145607065)

(10,206.84831153524436)

(11,203.93733575895703)

(12,201.3664078437765)

(13,199.11626325921972)

(14,197.1655894793138)

(15,195.49147894315473)

(16,194.06991425815139)

(17,192.87626949041086)

(18,191.88581012152963)

(19,191.07417385793568)

(20,190.41781506957614)

(21,189.89439724604165)

(22,189.48312044639084)

(23,189.16497415332978)

(24,188.92291000774463)

(25,188.74193330886519)

(26,188.60911658264348)

(27,188.5135425934396)

(28,188.44618756971542)

(29,188.39975786039983)

(30,188.3684945558634)

(31,188.34796073461584)

(32,188.3348249993811)

(33,188.32665302803713)

(34,188.3217162627966)

(35,188.31882392510278)

(36,188.31718161071777)

(37,188.3162770862579)

(38,188.31579179471564)

(39,188.3155351036904)

(40,188.31539751371656)

(41,188.31531881420625)

(42,188.3152673989282)

(43,188.31522747176163)

(44,188.31519153103318)

(45,188.31515618962763)

(46,188.31511998172692)

(47,188.31508228129368)

(48,188.31504280308945)

(49,188.3150013883234)

(50,188.31495791959057)

(51,188.31491229714425)

(52,188.31486468802277)

(53,2006.2762970268477)

(54,639.4469128825239)

(55,361.59878381817265)

(56,303.5701084304308)

(57,284.81197872348906)

(58,272.68577879456086)

(59,262.1472070473498)

(60,252.54067917709202)

(61,243.78799794598132)

(62,235.86681348450998)

(63,228.75298989053508)

(64,222.41601953853163)

(65,216.8193080187886)

(66,211.92091792033156)

(67,207.6744534908066)

(68,204.03004670741979)

(69,200.93541352798326)

(70,198.33694516238728)

(71,196.18079644094328)

(72,194.41393250017146)

(73,192.98509629241312)

(74,191.84566293331525)

(75,190.95035253549938)

(76,190.25778065312136)

(77,189.73083431199498)

(78,189.3368711986123)

(79,189.04774919752987)

(80,188.83970233215348)

(81,188.69308655591627)

% MSE_test
(0,1937.0058991981434)(1,551.8079359180238)(2,309.49205096529977)(3,277.34108256563684)(4,272.90316103366416)(5,268.8131449520971)(6,263.43292589459656)(7,257.6483271889788)(8,251.97393384911632)(9,246.59592183814394)(10,241.56695099922754)(11,236.89629762768038)(12,232.5802688889541)(13,228.6106391928)(14,224.97667090549092)(15,221.6656668618582)(16,218.6632911454302)(17,215.9538805216018)(18,213.52076354488565)(19,211.34657756130434)(20,209.4135727549188)(21,207.70389349389046)(22,206.19982893461662)(23,204.88402707030409)(24,203.7396689880199)(25,202.7506028094405)(26,201.90143939021797)(27,201.17761409547785)(28,200.56542063745886)(29,200.05202389716226)(30,199.625458779601)(31,199.27462149432296)(32,198.9892583317902)(33,198.75995523074246)(34,198.57812946959422)(35,198.43602295381174)(36,198.32669507550372)(37,198.24401219055204)(38,198.1826304974795)(39,198.1379695041943)(40,198.10617422544456)(41,198.0840655656021)(42,198.06907978607683)(43,198.0591992452493)(44,198.05287767496364)(45,198.04896350591804)(46,198.04662584050007)(47,198.0452831300908)(48,198.04455101648773)(49,198.0441482213209)(50,198.04406232214694)(51,198.0434343882737)(52,198.04654009450337)(53,1870.2153438668504)(54,604.938123480376)(55,380.293316628252)(56,345.4673234333234)(57,335.0887481328787)(58,324.9007077894983)(59,313.74933056242634)(60,302.58188801297274)(61,291.91651769390813)(62,281.9351367865953)(63,272.6833890565389)(64,264.16089408335216)(65,256.3516416279293)(66,249.2326073066515)(67,242.7760773503525)(68,236.95057142365283)(69,231.7215706866889)(70,227.05225564133818)(71,222.9042552989984)(72,219.23838260721945)(73,216.01533055212116)(74,213.19630586710738)(75,210.74358123396937)(76,208.62095206127586)(77,206.7940899914069)(78,205.23079174203897)(79,203.90112818195328)(80,202.77750411573746)(81,201.834643602228)

% MSSE
(0,1787.42)(1,452.1364464059329)(2,173.15199863966924)(3,151.01242610235815)(4,122.28897177953355)(5,105.54035664851808)(6,105.16217751506267)(7,100.22987001114242)(8,80.47750554021447)(9,120.6136476633875)(10,67.37645751001118)(11,88.76042949834958)(12,51.263324513516096)(13,65.2353615822746)(14,43.11231969662249)(15,38.81758282679039)(16,49.823663654180294)(17,62.46786472354911)(18,38.92929273925916)(19,35.773968332119104)(20,47.066572436447835)(21,23.051956947065214)(22,37.5022025930192)(23,18.268341365511947)(24,21.35085506287617)(25,21.151192398709142)(26,15.191658508207807)(27,15.244916135665646)(28,22.48161089933444)(29,18.296108560821025)(30,13.44204774482791)(31,13.835131645536078)(32,20.033740534393043)(33,24.220622354086704)(34,19.81294057450914)(35,19.527428481573235)(36,15.003858076407127)(37,16.935922237566587)(38,12.539059177112756)(39,11.741752729950438)(40,12.088894793907214)(41,11.941889009748405)(42,11.046024352755579)(43,22.849128463318245)(44,11.660047372934336)(45,16.14460341217181)(46,11.02412307355145)(47,23.619440855643823)(48,23.375267770655633)(49,11.651222599769037)(50,15.528611984470894)(51,23.402507556847098)(52,16.799092875548347)(53,1786.54)(54,583.6155769419302)(55,262.4693191056008)(56,224.09417474752667)(57,203.0971703491789)(58,194.11234154539488)(59,185.81096836428284)(60,140.89480721606773)(61,135.56426556297802)(62,119.3492678739343)(63,105.70349455317584)(64,91.60651648337546)(65,90.09991016836706)(66,79.39422814508161)(67,67.75167503062772)(68,62.50192421132296)(69,52.83155337306462)(70,46.24200694740008)(71,44.118724307759415)(72,37.36636713923574)(73,32.06434514852565)(74,29.907880635833223)(75,26.980619805286306)(76,26.699640549197643)(77,21.155691181025382)(78,19.331208303286516)(79,18.358606519761793)(80,17.804515274434294)(81,16.401492229203996)
