% MSE
(0,6103.3623251834015)

(1,367.53440819437617)

(2,358.2506836570658)

(3,352.22235415963866)

(4,347.47245641046476)

(5,343.619917570343)

(6,340.39276982735674)

(7,337.6009282767751)

(8,335.11460366867436)

(9,332.8469116998533)

(10,330.7404420840236)

(11,328.7573315659379)

(12,326.8722570284565)

(13,325.06772710832803)

(14,323.33108346546743)

(15,321.6527016783044)

(16,320.0249827976178)

(17,318.4418302232638)

(18,316.8983993089893)

(19,315.39098193643537)

(20,313.9169435896933)

(21,312.4746681648232)

(22,311.0634895824493)

(23,309.6836032555983)

(24,308.3359580394323)

(25,307.02213297565976)

(26,305.74420458183033)

(27,304.5046106009798)

(28,303.3060155875554)

(29,302.15118288847566)

(30,301.04285773395844)

(31,299.98367977971816)

(32,298.9763358472188)

(33,298.027007402293)

(34,297.2020327211603)

(35,296.998837379009)

(36,645.8059193421926)

(37,495.636007205818)

(38,465.4183288212151)

(39,441.7914210275574)

(40,423.0282818381487)

(41,407.8703030193145)

(42,395.40397787024943)

(43,384.97767327008603)

(44,376.13186458565093)

(45,368.5431158565879)

(46,361.98104687116665)

(47,356.27677784530607)

(48,351.30092133785803)

(49,346.94906608757753)

(50,343.1328037511533)

(51,339.7746077673968)

(52,336.8052059979633)

(53,334.1624312058873)

(54,331.7908416919085)

(55,329.64165526518946)

(56,327.6727273306026)

(57,325.8484340402716)

(58,324.13940570991196)

(59,322.5221065974269)

(60,320.97828545843805)

(61,319.49433497722964)

(62,318.0606024965048)

(63,316.670692759716)

(64,315.3207977940087)

(65,314.00908117367544)

(66,312.73513502902296)

(67,311.4995196575276)

(68,310.3033915666897)

(69,309.14827487621983)

(70,308.036936858706)

(71,306.9931163843456)

(72,306.4646763260892)

(73,23555.367381323314)

(74,1253.8636323430474)

(75,991.9828648311981)

(76,820.7211662357022)

(77,708.1511087394332)

(78,635.008878158257)

(79,587.6081619609766)

(80,556.5115977984904)

(81,535.4163090605507)

(82,520.2529849644293)

% MSE_test
(0,6268.603639677362)(1,404.4909574737003)(2,391.5482002667955)(3,383.4519814876267)(4,376.8703043521658)(5,371.4504302060557)(6,366.88124820284133)(7,362.94027635719664)(8,359.464898180763)(9,356.3379063807423)(10,353.474511902172)(11,350.8131184222509)(12,348.3085114926217)(13,345.92719654562535)(14,343.64420905861755)(15,341.44101833438253)(16,339.3041144715539)(17,337.22405347901366)(18,335.19475087103945)(19,333.2129427063083)(20,331.27771711635603)(21,329.3901204989547)(22,327.55277089378484)(23,325.76954360550997)(24,324.0452103772302)(25,322.3852287374005)(26,320.79530978116054)(27,319.2815168207701)(28,317.84924679980077)(29,316.50498743381974)(30,315.2509727035604)(31,314.0996551051593)(32,313.0297806513439)(33,312.1314677808376)(34,311.178970957544)(35,311.4881329900651)(36,716.8657756801475)(37,540.8555812831087)(38,511.07676504151635)(39,487.19359136168447)(40,467.3231647023238)(41,450.41810405002343)(42,435.7359620030827)(43,422.77215385917657)(44,411.1914560191408)(45,400.77432579082233)(46,391.37586554764187)(47,382.8961636943267)(48,375.26008223262477)(49,368.4044714209043)(50,362.2708736695615)(51,356.8020213759106)(52,351.94075338017)(53,347.6303071802884)(54,343.81525301336035)(55,340.4425888229785)(56,337.4627150883371)(57,334.83014573839125)(58,332.5039130985936)(59,330.4476751139846)(60,328.62958393478283)(61,327.02195966959283)(62,325.60087802040647)(63,324.345639803946)(64,323.23839454027734)(65,322.26338075675545)(66,321.40738941372086)(67,320.65675881485845)(68,320.00583773112055)(69,319.4262177754758)(70,318.9819943000325)(71,318.39476337197823)(72,319.37861371719765)(73,23817.193216003197)(74,1674.0669516592193)(75,1396.5893482566676)(76,1206.750647029668)(77,1076.826053428457)(78,987.90052515556)(79,926.3879633558922)(80,882.7957957215859)(81,850.6549600181564)(82,825.6730951288516)

% MSSE
(0,5699.11)(1,118.26425017822189)(2,184.00395641786082)(3,71.95541783048454)(4,185.8664449752492)(5,189.30106065304244)(6,215.00073416940725)(7,124.03055758582798)(8,171.6566061408219)(9,172.38548523235906)(10,156.7371917736687)(11,143.8507842447951)(12,148.41230916484315)(13,130.56485352952677)(14,167.78001340861053)(15,120.65634563868933)(16,131.74699621264008)(17,105.74736293893065)(18,140.43304033300282)(19,112.995278340058)(20,104.72098825457506)(21,135.01773075873405)(22,105.41319617630532)(23,85.32368184913646)(24,117.5573124038248)(25,128.12856909012328)(26,158.15144837735784)(27,76.99480043457712)(28,145.0403773169825)(29,135.83563104739818)(30,98.79177704440679)(31,67.57317181249105)(32,68.39064047088198)(33,89.15006199045028)(34,62.45827007772418)(35,89.19704007917404)(36,463.35)(37,483.379507665353)(38,412.08713546089916)(39,345.9815098535798)(40,228.38347840770234)(41,299.7362239862409)(42,267.7291043262288)(43,316.85445366004717)(44,345.91151812923255)(45,229.5758548472774)(46,194.62267775636477)(47,383.9271876365297)(48,301.07781395362343)(49,286.55241345275715)(50,489.2104339122436)(51,227.20360936724734)(52,139.77673224139352)(53,262.6988991168097)(54,303.2369050833963)(55,285.9918180764854)(56,193.33533003461238)(57,256.8098704489105)(58,307.14705828606674)(59,381.1665208831551)(60,202.898199238567)(61,343.2439202679971)(62,228.64882102494263)(63,233.83052035881508)(64,206.73261356261457)(65,375.17184498448745)(66,231.03736631892727)(67,221.13806651367224)(68,133.13039197244711)(69,259.8851116089976)(70,226.1140686675514)(71,248.0645107477022)(72,160.3209034931022)(73,23097.45)(74,1844.3505886093244)(75,1651.3993506235956)(76,1773.0783982576045)(77,1040.6264575818207)(78,1118.114546445617)(79,964.2380469272354)(80,1193.6498038988204)(81,844.5248882903766)(82,862.6261326365523)
