% MSE
(0,1166.7088459665722)

(1,357.1041901121693)

(2,286.38693744728346)

(3,268.6437154092077)

(4,253.97858765794692)

(5,239.771851088978)

(6,225.96895687895295)

(7,212.60797088540093)

(8,199.7267707644778)

(9,187.36043419901807)

(10,175.54068126078207)

(11,164.29536014403277)

(12,153.64796777275538)

(13,143.6172199990257)

(14,134.2166864227705)

(15,125.45450454133614)

(16,117.33318697590359)

(17,109.8495338579694)

(18,102.99466005907749)

(19,96.75414381519045)

(20,91.10829948449322)

(21,86.03257278803535)

(22,81.4980520770311)

(23,77.47208416546049)

(24,73.91897832866424)

(25,70.80077750313168)

(26,68.07807185518804)

(27,65.71082703851407)

(28,63.659197921568826)

(29,61.884298561275216)

(30,60.34890085931959)

(31,59.01803767157585)

(32,57.85949102010361)

(33,56.84415220747728)

(34,55.94624764808198)

(35,10318.718157663207)

(36,1036.6991595928218)

(37,375.0986027499248)

(38,328.6840597791108)

(39,314.68078579781394)

(40,302.0454241755365)

(41,289.68396562582626)

(42,277.6024368106681)

(43,265.82976386203575)

(44,254.39322895663634)

(45,243.3178151700468)

(46,232.62583105175625)

(47,222.33656162145365)

(48,212.46595578379672)

(49,982.6943903170799)

(50,827.8287539930003)

(51,770.740548887833)

(52,721.5091380478929)

(53,673.7240724492559)

(54,627.1800871090945)

(55,582.004791154614)

(56,538.3323313906491)

(57,496.28947644758534)

(58,455.99353003223627)

(59,417.55053817817355)

(60,381.0535682716414)

(61,346.5811039324535)

(62,314.195605115675)

(63,283.9422835999004)

(64,255.8481429621185)

(65,229.92132894085285)

(66,206.15083054871369)

(67,184.5065642998062)

(68,164.93986348129312)

(69,147.3843816914937)

(70,131.7574052357765)

(71,117.96155295137793)

(72,105.8868253451616)

(73,95.41294846362591)

(74,86.41194268973481)

(75,78.75083376162428)

(76,72.29441380663768)

(77,66.90795504459362)

(78,62.45977878785405)

(79,58.82358788809919)

(80,55.880481882625205)

(81,53.52059034546452)

(82,51.64428043969448)

% MSE_test
(0,957.5722650458497)(1,148.19811303517437)(2,89.27839852907165)(3,81.80013484631031)(4,76.6009987855422)(5,71.53640115320388)(6,66.64665160669342)(7,61.96511937947473)(8,57.507928595705906)(9,53.28745356766271)(10,49.314157324190596)(11,45.59653765639884)(12,42.14094339375204)(13,38.951417670060025)(14,36.02957740901644)(15,33.37453539368345)(16,30.982870748538293)(17,28.848652608263865)(18,26.96352035947728)(19,25.3168221016335)(20,23.89581092602192)(21,22.685896318708576)(22,21.67094554867799)(23,20.833627426335642)(24,20.155788455019966)(25,19.618849310534184)(26,19.20420793965899)(27,18.893634529823736)(28,18.66964330894312)(29,18.515826687821612)(30,18.417138704843207)(31,18.360117051656893)(32,18.333036053127266)(33,18.32598666634058)(34,18.330883612029115)(35,10153.571873745332)(36,697.6308466291454)(37,53.721761072235104)(38,24.156307977696894)(39,23.16083052001909)(40,22.49832622444605)(41,21.819405645716476)(42,21.23526695037887)(43,20.761882576913198)(44,20.399314441750406)(45,20.14521730256366)(46,19.995822385024862)(47,19.94592803709123)(48,19.988906035801634)(49,416.36027223193935)(50,294.7766821718312)(51,269.1006176942582)(52,249.79573461843697)(53,231.11298421798855)(54,212.9924102308706)(55,195.5287413505089)(56,178.783738862466)(57,162.80783703245248)(58,147.64549724230102)(59,133.3352591281545)(60,119.90906757443032)(61,107.39161074162884)(62,95.79975205474055)(63,85.14208057634742)(64,75.41860217403801)(65,66.62059182402942)(66,58.730624087393814)(67,51.7227942901905)(68,45.56313725487708)(69,40.210243683604)(70,35.61606668757727)(71,31.72690279088553)(72,28.484523404719962)(73,25.827424743150356)(74,23.692156967797505)(75,22.014687565426467)(76,20.73175012205055)(77,19.782128234271642)(78,19.107825645073927)(79,18.655077983368997)(80,18.37516867952561)(81,18.225021429277824)(82,18.167553435544555)

% MSSE
(0,999.83)(1,221.12789435261277)(2,159.44520422895496)(3,178.29568661262834)(4,206.84592895818375)(5,147.421397336419)(6,107.96287636463003)(7,95.02444426866741)(8,54.15154879054816)(9,110.43642523177212)(10,119.97339576880346)(11,69.08708485028023)(12,69.16355322586185)(13,78.38699536498405)(14,35.86511412502561)(15,55.43659846358515)(16,39.59709454254948)(17,12.444282884519316)(18,32.35740365791278)(19,11.672605039013654)(20,6.273891659193286)(21,27.9073580568048)(22,9.579898969014387)(23,17.599098602429912)(24,2.556869161570612)(25,6.071439512826106)(26,6.415517433024112)(27,0.982242383881074)(28,2.400556180777608)(29,1.074296934413931)(30,1.3897183436925318)(31,0.5074156344222898)(32,0.025760193259529728)(33,0.9055874012324252)(34,0.41738631728948455)(35,11004.02)(36,800.0285750732927)(37,149.0783067147831)(38,201.98854539788755)(39,127.07927399357654)(40,42.47685696079885)(41,57.09778348891879)(42,127.77851867603788)(43,95.41885822318226)(44,114.3011574952692)(45,73.7134140541153)(46,95.39626870449385)(47,267.9408561428688)(48,165.3802356301752)(49,852.88)(50,847.9025795335285)(51,549.5463473883112)(52,453.06871015858883)(53,717.6022315741644)(54,481.70593777467883)(55,271.1888691108077)(56,349.0713374546794)(57,383.3049242638515)(58,127.43703921407555)(59,257.2688138017187)(60,412.37091495751656)(61,147.3792831595045)(62,194.42540678406436)(63,134.22729411257222)(64,82.39548331868129)(65,58.862954912647325)(66,49.45574804468654)(67,93.64619246516217)(68,59.896475631429496)(69,96.73721883814218)(70,58.908520477753136)(71,65.16073712983585)(72,34.37330699036892)(73,28.806704194824803)(74,63.480692589431335)(75,20.99997202920807)(76,18.168180168796255)(77,7.162499736760862)(78,4.644303503294415)(79,23.0132624437483)(80,14.73164080775638)(81,7.394745420207933)(82,6.810330651477638)
