% MSE
(0,3345.7626471118506)

(1,703.5322608162846)

(2,641.9684982588469)

(3,618.393197543091)

(4,595.8319349214516)

(5,574.1186029701797)

(6,553.2936402515478)

(7,533.3923126142554)

(8,514.4441259909123)

(9,496.4724766651271)

(10,479.4943729167076)

(11,463.5202367610057)

(12,448.5537936001889)

(13,434.59205630963476)

(14,421.6254086320968)

(15,409.6377907344186)

(16,398.6069874057526)

(17,388.5050166797878)

(18,379.2986137171724)

(19,370.9498016950732)

(20,363.41653835995805)

(21,356.65342397634174)

(22,350.61245383318163)

(23,345.24379643504)

(24,340.4965771716663)

(25,336.3196467537174)

(26,332.66231409677647)

(27,329.4750246406194)

(28,326.70996725167095)

(29,324.3215957623646)

(30,322.2670546963944)

(31,320.5065026312625)

(32,319.00333076591795)

(33,317.72427839963524)

(34,316.6394510044194)

(35,315.72225022000816)

(36,314.94922841482946)

(37,314.299886345105)

(38,313.75650314942493)

(39,313.30563856494194)

(40,312.9818478732498)

(41,312.92469473053796)

(42,3161.5522298886963)

(43,1005.3695327639525)

(44,919.8290135370869)

(45,866.6999862504927)

(46,816.4027229279152)

(47,768.8482351197728)

(48,724.0960415971701)

(49,682.1838460306723)

(50,643.1267819960567)

(51,606.9171934757082)

(52,573.524837492891)

(53,542.8975247636005)

(54,514.9622009699685)

(55,489.6264564051353)

(56,466.78043592072083)

(57,446.2991050367684)

(58,428.04481259803117)

(59,411.87007642465977)

(60,397.62050699508495)

(61,385.1377762651319)

(62,374.2625350981206)

(63,364.8371840645409)

(64,356.70840886362237)

(65,349.7294032301985)

(66,343.7617183898843)

(67,338.6766979450683)

(68,334.35647915421254)

(69,330.69456426387205)

(70,327.5959870955348)

(71,324.97711877183315)

(72,322.76517085096253)

(73,320.8974632363729)

(74,319.32052763262317)

(75,317.98911524819323)

(76,316.8651707078873)

(77,315.91682399476457)

(78,315.11744033146573)

(79,314.44475821083626)

(80,313.8801896231013)

(81,313.40958945056366)

% MSE_test
(0,3810.4198596747005)(1,789.4474663422856)(2,704.1284730869413)(3,670.7152000767227)(4,639.1583408365183)(5,608.5200681882558)(6,578.8440520029465)(7,550.1954844962547)(8,522.6335796252612)(9,496.21158110403735)(10,470.97608335798157)(11,446.96647902922433)(12,424.2144639011455)(13,402.7436267687299)(14,382.569132755634)(15,363.6975129899145)(16,346.1265704131429)(17,329.84541072068663)(18,314.8346047500013)(19,301.06648630492214)(20,288.505585976294)(21,277.10919816743217)(22,266.82807433228925)(23,257.60723152880325)(24,249.38686074161572)(25,242.1033157684846)(26,235.69015877601143)(27,230.07923672760265)(28,225.2017577495518)(29,220.9893404695421)(30,217.37499737071315)(31,214.2940430212714)(32,211.68484811072057)(33,209.48956672440934)(34,207.65437218505016)(35,206.13064414687352)(36,204.8721081326548)(37,203.8463180541956)(38,202.9886040539503)(39,202.40032794334635)(40,201.5062830302353)(41,202.26138372262213)(42,3775.4766878100713)(43,1036.103453906947)(44,903.8637717754852)(45,846.4017653728473)(46,794.5490819319771)(47,745.1746348254765)(48,698.2531649407731)(49,653.840466028542)(50,611.9715079088865)(51,572.6626114410885)(52,535.9112773866372)(53,501.6966048241953)(54,469.9800105767242)(55,440.70628566701174)(56,413.80495118909573)(57,389.19188038078306)(58,366.7711371941208)(59,346.4369750653001)(60,328.0759316639659)(61,311.56895269473654)(62,296.79347721960835)(63,283.6254212070876)(64,271.9410029304656)(65,261.6183649936813)(66,252.53896032008365)(67,244.58868491589055)(68,237.65875397902778)(69,231.64633376937238)(70,226.45494992850365)(71,221.99470795795486)(72,218.18235223236323)(73,214.94122233803915)(74,212.20108350090086)(75,209.89801364597102)(76,207.97391140067148)(77,206.37707754546597)(78,205.05900222607693)(79,203.98500877821678)(80,203.09056974127043)(81,202.46630152593363)

% MSSE
(0,3430.94)(1,530.5878992272228)(2,491.11079869637416)(3,548.5093335651586)(4,383.0335411622041)(5,389.98790213755143)(6,489.6504043777197)(7,264.5837343320674)(8,185.0367050982777)(9,245.43623913374796)(10,199.35736057365975)(11,229.66787687786538)(12,197.46573456343944)(13,148.42180790202028)(14,145.2334649909006)(15,117.41895063335726)(16,124.7116796522772)(17,90.45574563127172)(18,88.6543689315142)(19,69.48428058070985)(20,51.9564274540566)(21,42.9373732813601)(22,34.38599738507536)(23,30.10058062870556)(24,24.38924250533924)(25,24.842713018898042)(26,18.09636703532814)(27,12.802869861492113)(28,13.573716527731756)(29,7.4701779108882045)(30,5.758230276221184)(31,3.882243845344616)(32,4.722643464621341)(33,2.8402274184951146)(34,2.342753232812752)(35,1.9120325538404128)(36,1.897852411601614)(37,1.6730464433059387)(38,1.3351316250419492)(39,1.8028362688615822)(40,1.3050038321057995)(41,1.91022331993751)(42,3488.44)(43,1006.2274875710762)(44,865.7144695758606)(45,845.8320646711593)(46,575.4987860802103)(47,733.1537662064634)(48,521.8852349928795)(49,576.4459312161848)(50,393.3698318895733)(51,375.3022180732569)(52,248.61561444826734)(53,307.8981627177267)(54,374.4089473350774)(55,246.38332612478743)(56,168.2473247318613)(57,182.46186181416968)(58,171.4820959805714)(59,139.70537600465593)(60,133.65479942487326)(61,87.4619810343095)(62,57.659110982275116)(63,57.912743204389244)(64,54.95349164727346)(65,55.24325166759284)(66,42.94186147592605)(67,23.753574716638074)(68,20.805163124167155)(69,16.00917693866832)(70,16.984048823707948)(71,9.953786784022803)(72,8.51010850103157)(73,7.048612582337999)(74,5.235521550747324)(75,3.8568549593367694)(76,3.1176386321120115)(77,2.640886512544727)(78,2.475119355205773)(79,1.9350936095147782)(80,2.3154251407023385)(81,1.9302307415607323)
