% MSE
(0,1535.8466433503402)

(1,1049.8372528071116)

(2,921.4657619158427)

(3,813.6671872306006)

(4,720.8252566422095)

(5,640.7267276136846)

(6,571.7231783317004)

(7,512.4976033232617)

(8,461.9393664236166)

(9,419.0669372398717)

(10,382.98393694237217)

(11,352.85752966213255)

(12,327.91060570109187)

(13,307.4214899569885)

(14,290.726896278948)

(15,277.225428860442)

(16,266.38009741830285)

(17,257.71911863133175)

(18,250.8348022457566)

(19,245.38064493526718)

(20,241.06694145641202)

(21,237.6553153736778)

(22,234.95260112973003)

(23,232.80450568691919)

(24,231.08953616302296)

(25,229.71444955543475)

(26,228.61955911830253)

(27,227.87014755569615)

(28,227.66686775975109)

(29,3645.0378717662643)

(30,2095.0332719215944)

(31,1824.5104785472652)

(32,1596.3929720420492)

(33,1396.865617631169)

(34,1222.6306280978622)

(35,1071.0891033404228)

(36,939.9692566923247)

(37,827.2005423089131)

(38,730.8452760836747)

(39,649.0668995465791)

(40,580.1218849667307)

(41,522.3652110884761)

(42,474.2619749331904)

(43,434.40002630124235)

(44,401.5004055790902)

(45,374.4238150501833)

(46,352.1724082075279)

(47,333.88691652729193)

(48,318.8396232794594)

(49,306.4239983616467)

(50,296.1419691737081)

(51,287.58985494239187)

(52,280.4439997483408)

(53,274.44742354502625)

(54,269.40175335170676)

(55,265.19498998902657)

(56,262.1470302291064)

(57,261.1787197514085)

(58,5858.9933718966495)

(59,2352.777047525633)

(60,1725.5033090139739)

(61,1347.3512458017879)

(62,1109.2731860472188)

(63,954.2142620854153)

(64,847.3667171720456)

(65,768.173312781504)

(66,704.9715745428002)

(67,651.4144647814106)

(68,604.1843072904902)

(69,561.603673023626)

(70,522.8348451988969)

(71,487.4438418781238)

(72,455.1770116652544)

(73,425.8539387187114)

(74,399.3198273324009)

(75,375.4261823519972)

(76,354.0239438045266)

(77,334.96166574217256)

(78,318.0855733177301)

(79,303.240280926215)

(80,290.2697787883985)

(81,279.0187113845376)

(82,269.3348915059328)

% MSE_test
(0,1812.4344870656678)(1,1222.7817248177362)(2,1117.4431937913214)(3,1016.2501792346875)(4,927.5756990376568)(5,848.012028782711)(6,777.228671792105)(7,714.3759752079218)(8,658.8993506429175)(9,610.1914714589893)(10,567.6940444364626)(11,530.8298403631974)(12,499.0407560910468)(13,471.7714105300967)(14,448.49582939532075)(15,428.7100621731504)(16,411.9537508371733)(17,397.79847971008206)(18,385.8695758503229)(19,375.8211711380053)(20,367.3721138342224)(21,360.24518002605174)(22,354.2650805157039)(23,349.1648827860131)(24,344.96897221367516)(25,341.13949500612296)(26,338.60472160332887)(27,334.6949810744334)(28,336.32712310870613)(29,4325.731016237673)(30,2231.1859791944676)(31,2044.8665001049349)(32,1839.7602128880728)(33,1664.6420152345024)(34,1506.70430471681)(35,1366.5217753393931)(36,1241.7797121083843)(37,1131.2899772722649)(38,1033.5833744117742)(39,947.4439267567606)(40,871.6300027202345)(41,805.0331568302088)(42,746.5799586012837)(43,695.3170303602731)(44,650.3480623725818)(45,610.900725243195)(46,576.256348462879)(47,545.8286814772825)(48,519.0505108140646)(49,495.52027081598516)(50,474.7517920944126)(51,456.57806212890813)(52,440.3762086740134)(53,426.60161696120144)(54,413.43203079227345)(55,404.6773801263516)(56,390.2519863713247)(57,396.52011278532535)(58,7208.710720435861)(59,2617.9901333943035)(60,2160.7334503697666)(61,1804.8516652199996)(62,1572.347483136071)(63,1404.2955093719684)(64,1277.4964273704988)(65,1175.1981757014228)(66,1088.4915991887203)(67,1012.0754083659141)(68,943.1762914769566)(69,880.2232252426356)(70,822.3985233824623)(71,769.193047123057)(72,720.3038961170547)(73,675.4742425992298)(74,634.513552940067)(75,597.2057920966122)(76,563.3840914206207)(77,532.816182099597)(78,505.3629968061801)(79,480.7277763909728)(80,458.887466852372)(81,439.2952927662132)(82,422.4894342750694)

% MSSE
(0,1389.66)(1,1422.8439914798012)(2,1043.0163701289628)(3,823.6533078587279)(4,644.6810480321351)(5,601.9088324980321)(6,578.56144065085)(7,407.4985126922604)(8,347.5871365438751)(9,280.1637821991322)(10,300.2547350003186)(11,175.2552788066773)(12,159.38156280912085)(13,135.92172754533001)(14,104.34122401275673)(15,128.22556461918066)(16,82.86666955967843)(17,58.9210065701021)(18,63.642678651420795)(19,43.49205531939893)(20,35.77018131857223)(21,30.863421305205424)(22,32.94365310687307)(23,26.148464168464365)(24,25.38599236083598)(25,18.394257145392807)(26,23.67084348455465)(27,17.446348787859574)(28,9.328716286792362)(29,3435.07)(30,2612.725461363861)(31,2377.4850476901497)(32,1914.403694968866)(33,2012.9053847725247)(34,1673.970740607612)(35,1417.499708454085)(36,1230.248321074671)(37,861.5947890911251)(38,1002.0997953932218)(39,739.7198942015904)(40,583.0832379960709)(41,453.2790928124061)(42,330.55012743405814)(43,351.71243088165033)(44,296.244922966182)(45,224.0355504061821)(46,218.51231084513333)(47,187.63447354796625)(48,133.3798975909079)(49,132.0625082674331)(50,161.59077770808426)(51,98.76561210869183)(52,98.43201514270275)(53,80.45602169962903)(54,85.92550569569313)(55,92.95398262206642)(56,74.77652108503035)(57,55.277313019027275)(58,6953.33)(59,2805.997822674303)(60,1863.924123295506)(61,1160.4597056163618)(62,1257.9754739660189)(63,1012.1944113619974)(64,987.3350740703903)(65,773.9915403738626)(66,692.5895401167229)(67,491.2503958615804)(68,428.98474076143543)(69,463.9055520558244)(70,353.07749748337085)(71,358.6887982809145)(72,266.14947067266326)(73,209.36723440421633)(74,201.79451244241503)(75,181.0147793973694)(76,143.36209266338466)(77,115.99901643788422)(78,101.05369650241329)(79,102.32724972884293)(80,87.43381112051897)(81,70.53324467858884)(82,49.793070703611995)
