% MSE
(0,6506.022279032345)

(1,4311.403737043724)

(2,3155.6976150323753)

(3,2512.3663959742153)

(4,2147.3334105424256)

(5,1936.8901258782612)

(6,1812.8595348946394)

(7,1738.6440038527048)

(8,1697.2166070430471)

(9,4250.558602178643)

(10,3323.223307299243)

(11,2749.6041066644584)

(12,2372.0774669942334)

(13,2116.9976966309578)

(14,1941.7815895099043)

(15,1819.8650028073555)

(16,1734.4150323332576)

(17,1675.2093762814336)

(18,1637.63632389166)

(19,1624.904621667176)

(20,1606.276402308976)

(21,6601.564616684108)

(22,4567.02938430742)

(23,3367.7143014862713)

(24,2671.226799221697)

(25,2268.8792602755743)

(26,2033.911940167301)

(27,1891.9906520293728)

(28,1801.048913551691)

(29,1738.0919810797702)

(30,1690.9581962488946)

(31,1653.4585515342415)

(32,1622.8070343637671)

(33,1598.9841732584894)

(34,1587.6895761155079)

(35,17541.9444486892)

(36,8752.244553393055)

(37,5374.740710295703)

(38,3776.843166064055)

(39,2939.8069812391027)

(40,2486.3592327574966)

(41,2252.2039198794287)

(42,2170.0396481446387)

(43,1933.987577335412)

(44,1815.497149431647)

(45,1753.6763342161935)

(46,7600.242124441941)

(47,4046.144564400608)

(48,2883.0591885098315)

(49,2397.5429724574183)

(50,2159.044659990983)

(51,2031.1919131359202)

(52,1964.7682270265866)

(53,1946.386425872028)

(54,6466.863019080375)

(55,4206.9475910778765)

(56,3353.646561541885)

(57,2904.833233587249)

(58,2616.736164061116)

(59,2413.5753145288904)

(60,2266.811401292469)

(61,2166.8702244582014)

(62,2119.3233027847496)

(63,13322.853067238386)

(64,8786.705379629751)

(65,6079.638566269703)

(66,4479.462810713146)

(67,3531.409165580402)

(68,2958.5704461204323)

(69,2598.036840366398)

(70,2357.1394121753883)

(71,2184.76701460616)

(72,2053.4215299238635)

(73,1948.5445202143305)

(74,1862.5852517413646)

(75,1792.3317087889916)

(76,1739.9102344233945)

(77,1724.7929436416148)

(78,23586.70142146841)

(79,10641.207204187835)

(80,6445.809252948661)

(81,4696.494575621469)

(82,3831.613913124872)

(83,3365.6242097927243)

(84,3126.214109901491)

(85,10752.781884934055)

(86,6344.543857788039)

(87,4491.084953152237)

(88,3540.7110341448997)

% MSE_test
(0,6151.453068814305)(1,4307.681362107568)(2,2861.44771813882)(3,2236.138873985327)(4,1822.8752084568318)(5,1595.0828820290756)(6,1484.0959202607132)(7,1379.0065314182107)(8,1382.6886237448334)(9,4065.340994900089)(10,3051.076336954683)(11,2543.158789822732)(12,2161.085384549392)(13,1897.5459146657208)(14,1722.4146112681144)(15,1571.5671098617431)(16,1493.6273068564885)(17,1393.384971418699)(18,1384.6766283075483)(19,1303.3249064156118)(20,1353.6566455697205)(21,5532.889530214057)(22,3651.933051144897)(23,2637.1957145190286)(24,2072.9231371455107)(25,1775.1397872914179)(26,1616.4327921174663)(27,1523.9344124703273)(28,1470.972480320029)(29,1425.345250522965)(30,1398.5453516029168)(31,1359.5164988388053)(32,1348.7916936031627)(33,1302.5846611670138)(34,1337.6137891238984)(35,15129.978186867138)(36,8854.446348290976)(37,4564.44925712422)(38,3395.9093961266794)(39,2452.954985396156)(40,2050.307084421707)(41,1876.2835338658606)(42,1712.7553171624893)(43,1596.6004783497597)(44,1377.309984186521)(45,1425.6683690772318)(46,6508.585018744188)(47,4216.91155406815)(48,2418.776099058958)(49,2219.154867833421)(50,1816.6595903386951)(51,1795.3264857386182)(52,1675.7792381364277)(53,1710.2787618432515)(54,6530.097457407139)(55,4038.8067287050226)(56,3246.482419085778)(57,2665.024355348877)(58,2416.5081421904656)(59,2117.478032419282)(60,2019.7668201805102)(61,1827.6798664359665)(62,1863.5439348224736)(63,15819.752151766725)(64,10157.77502055561)(65,6681.362504326548)(66,4618.179632976304)(67,3384.433807075638)(68,2647.3136263943416)(69,2200.3502094734117)(70,1916.0301916447904)(71,1734.366758098213)(72,1601.4684665557443)(73,1515.7318221954463)(74,1434.633252830654)(75,1400.0548838052935)(76,1331.994030999435)(77,1395.4860611108888)(78,28372.198269345176)(79,9856.597274108015)(80,7800.055355812446)(81,4539.8396890488875)(82,4314.782820807275)(83,3202.8987383202766)(84,3296.754577356945)(85,9352.827767592666)(86,7282.3685126443115)(87,4073.607016369023)(88,3653.61508506913)

% MSSE
(0,6497.84)(1,3531.2392544513905)(2,2058.059469825379)(3,1370.53717131266)(4,1006.2217457124182)(5,467.18271518753005)(6,510.9033037743131)(7,350.3223024617703)(8,462.3135102456891)(9,3404.78)(10,3342.6652392010424)(11,2067.8616599377465)(12,1236.3763795843663)(13,865.5838738213206)(14,780.6018851604197)(15,607.4296041031957)(16,395.08210869938534)(17,296.1479148140614)(18,398.20970783572926)(19,270.8583477602255)(20,288.51586309210427)(21,6656.7)(22,3745.5155952548243)(23,3179.5302290672053)(24,1937.7693788567724)(25,1359.1147190839495)(26,1170.8334505624775)(27,809.552592009436)(28,562.5556977078865)(29,537.4315444460057)(30,502.50562233232927)(31,417.48658262637565)(32,275.84479102652034)(33,299.9411383515471)(34,359.08417168457714)(35,21334.85)(36,9050.314691147398)(37,5013.982118539146)(38,2442.0232593252754)(39,1955.2907396300204)(40,1079.6527930214852)(41,924.3317578621405)(42,807.8473085284551)(43,682.4237287667484)(44,444.3648184453401)(45,453.913379979897)(46,7265.48)(47,2756.5399700802245)(48,1693.7265680675844)(49,1654.559590657547)(50,1224.1328126178942)(51,742.2151504420472)(52,826.5131924555269)(53,1217.3243264524128)(54,6767.81)(55,2572.3464710626386)(56,2783.9678956234197)(57,1903.6161865741524)(58,1777.2413470534013)(59,926.0137989042094)(60,1132.4525660133138)(61,815.3042276609177)(62,761.1873771776998)(63,16208.91)(64,10451.092283010634)(65,6510.878273679778)(66,4033.5257782186777)(67,2730.615128167408)(68,2158.296814321483)(69,1365.4144179913208)(70,889.2044856192981)(71,920.9437465600781)(72,811.1310504329292)(73,679.0228898247049)(74,591.6519625707969)(75,465.26166638344097)(76,441.8965311286689)(77,373.2827460764934)(78,24580.88)(79,11822.236890643384)(80,6355.731008690975)(81,3613.247665990869)(82,3879.6775614134517)(83,2873.449038415744)(84,2427.182540997565)(85,11005.47)(86,8053.761800207178)(87,4188.7846049528425)(88,3662.7867423719804)
