% MSE
(0,3167.6930460874482)

(1,575.889391029579)

(2,266.7051210013255)

(3,202.68217018766356)

(4,171.0487490376461)

(5,150.5088642941376)

(6,136.60628320325367)

(7,126.90701503413511)

(8,119.8183729424919)

(9,114.31809734989078)

(10,109.77351078180794)

(11,105.80829469472013)

(12,102.20799057891789)

(13,98.8559060535082)

(14,95.69163829524398)

(15,92.68553093918953)

(16,89.82375109835111)

(17,87.10005184170419)

(18,84.51149942467619)

(19,82.05640793315489)

(20,79.73342204777704)

(21,77.54115315351021)

(22,75.47805850422627)

(23,73.54241352146123)

(24,71.7323104995831)

(25,70.04565678196981)

(26,68.48016320193923)

(27,67.03332117949515)

(28,65.70237023039711)

(29,64.48425933003878)

(30,63.37560651881792)

(31,62.37266160674142)

(32,61.47127687653046)

(33,60.66689029609154)

(34,59.95452495260071)

(35,576.4310114871745)

(36,455.3038474905686)

(37,411.5185877638282)

(38,380.8865110054767)

(39,355.44687484020557)

(40,333.46974287402986)

(41,314.0373215288896)

(42,296.5195109493972)

(43,280.4780019329364)

(44,265.6101808729294)

(45,251.7070234458191)

(46,238.62228973693738)

(47,226.25101746331478)

(48,214.51524465153648)

(49,203.3550243357148)

(50,192.72306993893798)

(51,182.58171356098387)

(52,172.90120707429784)

(53,163.6587049144984)

(54,154.83751586082613)

(55,146.426394223233)

(56,138.41876530028298)

(57,130.81185779305238)

(58,123.60575997459561)

(59,116.8024379304665)

(60,110.40476141980874)

(61,104.41558153804289)

(62,98.83689809283372)

(63,93.66914585676906)

(64,88.91061928154174)

(65,84.5570460008851)

(66,80.6013112800346)

(67,77.03332890901322)

(68,73.84004899350907)

(69,71.00558952626551)

(70,16466.310072789147)

(71,3386.3481255975953)

(72,1547.2573013076358)

(73,1012.7949558632654)

(74,714.9963269903759)

(75,524.7681337244842)

(76,402.2079716879555)

(77,322.89557704574435)

(78,270.6603396247126)

(79,235.05874897703444)

(80,209.5640789883864)

(81,190.22959556491944)

(82,174.7409047139228)

% MSE_test
(0,3127.904594727801)(1,470.11775431483426)(2,165.4756782659278)(3,113.57761178822201)(4,92.58525457302932)(5,80.31853759524643)(6,72.64851017622102)(7,67.5733854985386)(8,63.872390187582766)(9,60.82460927915181)(10,58.03832149689461)(11,55.3280741913655)(12,52.6288375632854)(13,49.939202252220575)(14,47.28611769834381)(15,44.70468582197439)(16,42.22782808906226)(17,39.881971263055384)(18,37.686079586860515)(19,35.65231279449207)(20,33.787290701088786)(21,32.093421065916175)(22,30.57004467881714)(23,29.214321017529954)(24,28.021863623527647)(25,26.98716998985636)(26,26.103898981809255)(27,25.365043841146957)(28,24.76303893860818)(29,24.289828091223033)(30,23.936913531095236)(31,23.695398149556464)(32,23.55602928325353)(33,23.509249522142607)(34,23.54525819230176)(35,384.3366821446882)(36,292.3054426455007)(37,266.0331024976584)(38,247.6329128557686)(39,231.65466816041177)(40,217.3393220819334)(41,204.2334922723278)(42,192.0083671895745)(43,180.45921409391997)(44,169.4737675948603)(45,158.9980790937962)(46,149.01059112253634)(47,139.50498650608256)(48,130.48003377095498)(49,121.93444440731835)(50,113.86500930079966)(51,106.2666369554943)(52,99.13328285811224)(53,92.4590919636072)(54,86.23935011776932)(55,80.4710472800513)(56,75.15299934109402)(57,70.28556616992411)(58,65.87005339650399)(59,61.907905856513764)(60,58.39980126957934)(61,55.344741154578756)(62,52.7392178816537)(63,50.576516240642356)(64,48.846187819107314)(65,47.53371862099515)(66,46.62039563388217)(67,46.08336669576932)(68,45.89587976279824)(69,46.027681995234666)(70,16498.031071654477)(71,3153.1990003973033)(72,1353.010014933214)(73,878.1884112228798)(74,627.2099187057706)(75,470.7495291133903)(76,371.8876572485645)(77,308.7355063383591)(78,267.0309132375008)(79,237.77522370299852)(80,215.54720898943393)(81,197.2500685444623)(82,181.2232204185857)

% MSSE
(0,3360.41)(1,433.3296135531933)(2,165.1573944893103)(3,71.31302400978139)(4,101.13995945842393)(5,26.450113527837534)(6,35.75437023566085)(7,39.76785414352911)(8,23.660203346717914)(9,10.983566248213235)(10,22.029039775021015)(11,2.61108160736739)(12,40.15841439315921)(13,14.985940023081428)(14,32.94102892255085)(15,12.598157448264558)(16,7.316901006836723)(17,27.506057427601295)(18,19.68215917592266)(19,9.269068263644911)(20,18.450119453360514)(21,17.51998828766516)(22,6.611955195052655)(23,11.13047218679042)(24,6.060439913455306)(25,7.109103095511306)(26,4.072962774455788)(27,4.504869757541873)(28,1.3385259930666171)(29,1.2824858801808852)(30,8.530653073802915)(31,8.897698970212346)(32,2.305546687292116)(33,11.030834899107482)(34,0.7262984207175119)(35,692.29)(36,295.0575187562401)(37,303.4606161629624)(38,208.79150240324478)(39,155.57909254999123)(40,183.66797994068241)(41,106.06385526072589)(42,159.50593944234444)(43,119.76563475053366)(44,311.8203311463571)(45,169.06817912989348)(46,225.9512653734765)(47,157.6924183851359)(48,106.15363953097818)(49,114.33007674473212)(50,59.10241120954336)(51,68.18678985581496)(52,51.15095234463758)(53,222.923480847102)(54,100.80344432917236)(55,80.24105414147584)(56,36.8063343412826)(57,128.83262278668704)(58,66.99211558756866)(59,42.794281840178584)(60,53.31024293646209)(61,60.310150090022326)(62,34.031239940420136)(63,20.66926383557377)(64,30.327025552854057)(65,8.268189601412127)(66,29.944683068419803)(67,14.653913975291939)(68,56.70068713407762)(69,51.15482453742083)(70,17257.53)(71,3101.2523194930404)(72,1376.9049391441824)(73,913.035561038982)(74,758.8105350719472)(75,397.8944535938909)(76,277.3843023972379)(77,203.70794070048953)(78,177.05145325845598)(79,77.87258019903625)(80,57.48264609840793)(81,111.95183993670209)(82,80.7034511014072)
