% MSE
(0,1347.8897566733592)

(1,313.6259007385084)

(2,279.5573515600174)

(3,256.55069589317264)

(4,234.81518873542603)

(5,214.35085097163338)

(6,195.1773659746899)

(7,177.30522446017818)

(8,160.7354513227995)

(9,145.45949100637642)

(10,131.45926286193136)

(11,118.70739411325594)

(12,107.16763248463049)

(13,96.79543460181225)

(14,87.53872023937407)

(15,79.3387766361621)

(16,72.13129169577995)

(17,65.84749015419015)

(18,60.41534291232945)

(19,55.76081683660881)

(20,51.80913052789187)

(21,48.48598092836303)

(22,45.71870623704917)

(23,43.43735248601606)

(24,41.57561431813724)

(25,40.0716249972668)

(26,38.868576409580925)

(27,37.91515663587723)

(28,37.16580033966749)

(29,36.58075535985666)

(30,36.12597704408815)

(31,35.7728694512113)

(32,35.49789899899537)

(33,35.28211088504499)

(34,35.11058123284774)

(35,34.97183818753025)

(36,34.857283402533845)

(37,34.76064732436216)

(38,34.67763625591389)

(39,34.609005377566476)

(40,34.5988221927452)

(41,34.58420204690365)

(42,4921.336338211755)

(43,597.8416963943721)

(44,484.6171528797157)

(45,424.07107257514343)

(46,372.89784856182473)

(47,329.26983541737656)

(48,291.7748067916903)

(49,259.2696421608638)

(50,230.84827968585336)

(51,205.80686563868085)

(52,183.60834697500442)

(53,163.84845459013118)

(54,146.22460849548906)

(55,130.50879977408198)

(56,116.52502212148217)

(57,104.1313867686507)

(58,93.20669547714638)

(59,83.64098832144602)

(60,75.32943088412382)

(61,68.16884962397616)

(62,62.056244684061994)

(63,56.88868154804081)

(64,52.56406223083289)

(65,48.98238276502873)

(66,46.04718256748498)

(67,43.6669753721122)

(68,41.75651877848111)

(69,40.23783164701337)

(70,39.040908742816605)

(71,38.10411344652299)

(72,37.374254456279054)

(73,36.80637255813002)

(74,36.36327917517591)

(75,36.014899403665204)

(76,35.73747835418513)

(77,35.51271083356938)

(78,35.32685223975992)

(79,35.16988697201659)

(80,35.035367945026906)

(81,34.93447983061529)

% MSE_test
(0,1317.8991500182262)(1,371.96993562291533)(2,341.1523817300894)(3,317.7977295752916)(4,295.48262820262056)(5,274.35372829095303)(6,254.43186045949062)(7,235.72939029123128)(8,218.25084479641896)(9,201.99271332321499)(10,186.94341243504985)(11,173.08338309726727)(12,160.38532880281767)(13,148.81459614411244)(14,138.32969457896775)(15,128.88294776955163)(16,120.42126400604033)(17,112.8870090275501)(18,106.21896044654586)(19,100.35331969566434)(20,95.22475458655245)(21,90.76744382108666)(22,86.91609374523921)(23,83.60689804625953)(24,80.7784122661682)(25,78.37231823078636)(26,76.33405688182364)(27,74.61331484224755)(28,73.16435375618725)(29,71.9461849461234)(30,70.92258503206695)(31,70.06199241059115)(32,69.33723049677734)(33,68.72530286642674)(34,68.20658520141076)(35,67.76584226407736)(36,67.38634756832684)(37,67.07118914807123)(38,66.75058781157476)(39,66.70312751043066)(40,65.98151623365301)(41,66.87025840495065)(42,4802.233712415261)(43,646.0694506236329)(44,531.6484157411712)(45,472.4127670368559)(46,422.62328407285236)(47,380.1495053696373)(48,343.5275736566922)(49,311.5875180544673)(50,283.4161290117472)(51,258.3184910208053)(52,235.77886779776426)(53,215.42316657412601)(54,196.98464034434187)(55,180.27398722906935)(56,165.1544770637902)(57,151.5222580990659)(58,139.29160261622457)(59,128.38456643354232)(60,118.72436712538148)(61,110.23172083636327)(62,102.82339566636385)(63,96.41231551251869)(64,90.9086545673886)(65,86.22147885594849)(66,82.26060004434204)(67,78.9384024932299)(68,76.17148015434748)(69,73.88198395075905)(70,71.99862133153461)(71,70.457300221842)(72,69.2014059704865)(73,68.18180342856573)(74,67.35644984896241)(75,66.69016349477077)(76,66.15306416389235)(77,65.72301562366557)(78,65.37297131272761)(79,65.1176415552823)(80,64.81245881035869)(81,65.07348249628971)

% MSSE
(0,1393.64)(1,306.1974483187438)(2,256.4951758992274)(3,278.48267403486403)(4,159.33619166473898)(5,145.07408563117326)(6,151.3091459923917)(7,125.3817274037581)(8,119.51574554193485)(9,108.70385323155726)(10,79.89479089251354)(11,87.37120167051935)(12,72.21457511655615)(13,77.92028597350004)(14,61.42585543432324)(15,45.187722223374585)(16,39.269404298377815)(17,33.984365474318246)(18,31.277715780394225)(19,27.273982776578954)(20,23.58680899833171)(21,22.149293057087824)(22,17.141396097657644)(23,18.77129548599435)(24,14.108967384492203)(25,12.802921296460113)(26,15.226298701943346)(27,15.43154445190009)(28,12.145465465085367)(29,13.253004367748273)(30,7.762723416713473)(31,12.704561988334735)(32,13.127341649024524)(33,8.130152338883653)(34,9.215860578873583)(35,8.890338399002532)(36,6.671443121052402)(37,6.953444541160135)(38,6.576886496597336)(39,5.382198106838346)(40,3.0424275382303225)(41,6.474861740871164)(42,4762.24)(43,446.01805288571427)(44,157.8809273732869)(45,207.5601678338667)(46,294.6272135615148)(47,231.46596099543876)(48,98.03216203583372)(49,204.4068249985812)(50,226.38735699294233)(51,131.5720616550324)(52,123.5378029742899)(53,86.37716954113536)(54,127.39047895700372)(55,105.1660017962281)(56,147.91711537113707)(57,90.442818383986)(58,93.73987337978198)(59,78.44265443244134)(60,96.95314677307923)(61,36.0809475566009)(62,78.43718703792851)(63,91.09452022881258)(64,41.91606312393359)(65,60.18329415420987)(66,55.611073498204945)(67,80.8488641671562)(68,29.855947215528573)(69,31.019005894109156)(70,29.386380433854676)(71,4.184485366161804)(72,4.232812614708135)(73,3.5362800189404724)(74,24.81751055635698)(75,3.6409462162291732)(76,27.69203101515862)(77,2.3603662857900365)(78,2.041186314219708)(79,27.21204824037346)(80,74.93845895238267)(81,28.171332529742013)
