% MSE
(0,1672.3741055243215)

(1,181.43339349039493)

(2,86.24213702096212)

(3,80.11765418353451)

(4,78.03853391331062)

(5,76.05778210233379)

(6,74.05878588266228)

(7,72.04319393894095)

(8,70.01500893037236)

(9,67.9785388561473)

(10,65.93836956407831)

(11,63.899348120049545)

(12,61.866561202370306)

(13,59.845308199868256)

(14,57.84106878796577)

(15,55.85946484634604)

(16,53.906216691578614)

(17,51.98709372876412)

(18,50.107859777542025)

(19,48.27421349850399)

(20,46.49172453370385)

(21,44.765766175872194)

(22,43.101445589871126)

(23,41.50353282005266)

(24,39.976390020080494)

(25,38.5239025274052)

(26,37.14941356161338)

(27,35.855664441868306)

(28,34.644742280726064)

(29,33.51803710699069)

(30,32.476210287264614)

(31,31.519175944813014)

(32,30.646096808868265)

(33,29.855395565547294)

(34,29.144782326663893)

(35,28.511298294982033)

(36,27.951375101165283)

(37,27.460908643526217)

(38,27.035345608403986)

(39,26.66978022417315)

(40,26.35905824700629)

(41,26.09788473435098)

(42,1369.6571619965973)

(43,196.43523067337085)

(44,120.05883351376927)

(45,113.65245789736379)

(46,110.40299019212895)

(47,107.21119825272723)

(48,103.9882659236761)

(49,100.73856377617096)

(50,97.46855811598462)

(51,94.18519468092501)

(52,90.89586715853252)

(53,87.6083903939438)

(54,84.33096555549848)

(55,81.07213676127049)

(56,77.84073880255183)

(57,74.64583574438007)

(58,71.49665036017367)

(59,68.40248456824726)

(60,65.37263128190052)

(61,62.41627835997208)

(62,59.542405647308115)

(63,56.759676418523895)

(64,54.07632487528172)

(65,51.50004168610924)

(66,49.03785988488615)

(67,46.69604374343838)

(68,44.47998348684252)

(69,42.39409890706536)

(70,40.441755030635896)

(71,38.62519298859449)

(72,36.945479103134986)

(73,35.40247492958928)

(74,33.994830564364875)

(75,32.720002945863655)

(76,31.57430014200458)

(77,30.552951750990598)

(78,29.650204569279413)

(79,28.859441642170307)

(80,28.17332175914884)

(81,27.583935448739737)

% MSE_test
(0,1694.4672224884853)(1,154.9856262634004)(2,56.79072159179158)(3,51.31248155845256)(4,50.26297707830699)(5,49.38328392338261)(6,48.50828866742283)(7,47.63042139003594)(8,46.75090098307659)(9,45.871873423899864)(10,44.9956506670456)(11,44.12465665486623)(12,43.261414908095226)(13,42.40853286211095)(14,41.56868343382737)(15,40.74458372161677)(16,39.93897086669579)(17,39.15457516323869)(18,38.39409059032907)(19,37.66014302952959)(20,36.95525653311666)(21,36.281818114611674)(22,35.6420416440041)(23,35.03793154007673)(24,34.47124705781103)(25,33.943468063676704)(26,33.455763270415815)(27,33.0089619579551)(28,32.603530232732716)(29,32.23955286514584)(30,31.916721690964085)(31,31.634331456540718)(32,31.39128383725931)(33,31.186100139217434)(34,31.016942962308775)(35,30.881646727927905)(36,30.777756833550715)(37,30.702576235106324)(38,30.653219831447387)(39,30.626669955579498)(40,30.61985085886806)(41,30.6296413461894)(42,1349.0707461112352)(43,147.03943857999175)(44,71.29186192316583)(45,66.69337893489373)(46,65.17974607424934)(47,63.72053782137465)(48,62.24861215824476)(49,60.768580654374034)(50,59.28398660161237)(51,57.798386170059196)(52,56.31553580203056)(53,54.839382120219085)(54,53.37404173869053)(55,51.92377666917328)(56,50.49296516776575)(57,49.08606793663111)(58,47.707589700388)(59,46.36203628808447)(60,45.0538674840272)(61,43.787446057514984)(62,42.56698354294866)(63,41.396483513251106)(64,40.279683267223895)(65,39.21999502881307)(66,38.22044792640441)(67,37.28363217402101)(68,36.41164700434052)(69,35.606053994395396)(70,34.867837468427105)(71,34.19737364628089)(72,33.5944101222076)(73,33.05805709550394)(74,32.58679153407219)(75,32.17847511484914)(76,31.830386397123267)(77,31.539267146653966)(78,31.3013823511864)(79,31.11259240354693)(80,30.968436951001742)(81,30.864223751177146)

% MSSE
(0,1629.75)(1,135.61127941523964)(2,42.34030864211991)(3,71.87180823403251)(4,25.663017455204383)(5,67.37465217154985)(6,42.177451106509906)(7,53.50299944695352)(8,13.088891865687142)(9,31.74789070933381)(10,19.025006989977673)(11,21.356146826952568)(12,32.95856897231224)(13,6.666830006814049)(14,32.32214338423808)(15,35.78736403053942)(16,14.969825423662963)(17,18.198712305053494)(18,10.570339970070293)(19,25.71124722120822)(20,17.28565521835055)(21,10.835103806092786)(22,31.610961599363417)(23,26.02262440003972)(24,8.598618578533362)(25,15.278122070828212)(26,16.431692564606795)(27,3.519287642277095)(28,10.742748551874218)(29,0.5893468557598305)(30,17.93149393512728)(31,1.638914627155114)(32,2.275254271627537)(33,0.8085688968912951)(34,6.948296355943828)(35,0.7372628107990693)(36,6.129408989813103)(37,0.32199161584126534)(38,5.253945735204024)(39,4.980591759345063)(40,9.388838602168567)(41,0.005424193169587008)(42,1292.14)(43,142.42891642503565)(44,50.15920593590524)(45,92.2730899693651)(46,54.59963820118497)(47,111.28087243411916)(48,56.00861374506755)(49,57.16242635066114)(50,68.56527733612639)(51,54.9413088362313)(52,52.001310432860095)(53,44.7194979545636)(54,34.9169096489909)(55,38.009457173229606)(56,32.0184079181744)(57,34.41824985862772)(58,45.98509526861923)(59,44.99099728540939)(60,37.961573638085746)(61,18.286175707997476)(62,21.61203781498131)(63,30.37549069231053)(64,10.309964071226759)(65,23.077119411479526)(66,8.145532247421036)(67,10.560942670568146)(68,12.864373008793937)(69,7.974979040268198)(70,5.736133166536901)(71,10.410820791290126)(72,7.638385707737573)(73,6.131990647952554)(74,3.1125319550833295)(75,2.5546911408901156)(76,2.3341178134122917)(77,3.5210462785445653)(78,1.1291542945136914)(79,0.9255409878690629)(80,1.208498687835475)(81,0.49408535085766)
