% MSE
(0,266.9881847094459)

(1,231.2392640742274)

(2,217.67632207389985)

(3,206.03969619577128)

(4,194.63398955186386)

(5,183.3787880514232)

(6,172.2998321117991)

(7,161.42771813644754)

(8,150.79280702384935)

(9,140.424755415166)

(10,130.35217805718648)

(11,120.60230498087547)

(12,111.20063736911555)

(13,102.17060923075452)

(14,93.53326265604528)

(15,85.30694488094855)

(16,77.50703560260433)

(17,70.14571291878978)

(18,63.23176587044718)

(19,56.7704608196369)

(20,50.763467782122795)

(21,45.20885136016704)

(22,40.10112911555848)

(23,35.4313981388408)

(24,31.18752828675396)

(25,27.35441817838671)

(26,23.914307683135767)

(27,20.847138434727423)

(28,18.13095200315599)

(29,15.742313880575882)

(30,13.656750498164252)

(31,11.849186166874755)

(32,10.294367161618506)

(33,8.967261132032363)

(34,7.843421558272369)

(35,6.899308963661531)

(36,6.112562895626264)

(37,5.462221117109581)

(38,4.928884833620504)

(39,4.494830953977319)

(40,4.144074218795365)

(41,3.8623834521180656)

(42,3.6372571755798666)

(43,3.457864400162618)

(44,3.314956646970281)

(45,3.2007572442366983)

(46,3.108834071109249)

(47,3.0339718530552355)

(48,2.9724501528695835)

(49,2.9398134149941972)

(50,2.9297941331539614)

(51,2.9250970265439005)

(52,202.7878931120287)

(53,176.04701442863544)

(54,166.59476912272766)

(55,158.63109558976532)

(56,150.83063478341919)

(57,143.12718385916884)

(58,135.53727050876037)

(59,128.0811988492539)

(60,120.7791117003303)

(61,113.65065948877663)

(62,106.71477317964354)

(63,99.98943443879129)

(64,93.49144543332321)

(65,87.23620311935605)

(66,81.23748330518825)

(67,75.50724007284875)

(68,70.05542627246697)

(69,64.88984074021792)

(70,60.01600760494414)

(71,55.43709252186666)

(72,51.15385989554785)

(73,47.16467413329461)

(74,43.46554672485174)

(75,40.050229511911425)

(76,36.91035294629067)

(77,34.035606509332524)

(78,31.413956861062466)

(79,29.031897798238912)

(80,26.874724820140766)

(81,24.926826118555745)

% MSE_test
(0,258.9425887461999)(1,222.49159945491894)(2,209.79255922660207)(3,199.33542005051737)(4,189.13082805868657)(5,179.02095466753283)(6,169.01050798981572)(7,159.12329675426432)(8,149.38634579633143)(9,139.82714933076352)(10,130.47301491218266)(11,121.35073647912729)(12,112.48629242730068)(13,103.90453545814309)(14,95.62887736942417)(15,87.68097488413345)(16,80.08042327708058)(17,72.84446512571441)(18,65.98772189927203)(19,59.521956267412534)(20,53.4558729129717)(21,47.79496523760018)(22,42.54141462736332)(23,37.694047884826496)(24,33.24835703826147)(25,29.196584030543622)(26,25.527870814699277)(27,22.22847320682931)(28,19.28203455839565)(29,16.669913015188172)(30,14.371553949656976)(31,12.364897213371382)(32,10.626807281680467)(33,9.133513266411097)(34,7.8610452456102955)(35,6.7856534632426655)(36,5.884197705918008)(37,5.134495552307796)(38,4.515620130655318)(39,4.008140453116072)(40,3.5943000110207284)(41,3.258132538836321)(42,2.9855152496210597)(43,2.764168430194404)(44,2.583585843509242)(45,2.435009340872658)(46,2.3109165405840852)(47,2.2069946316537865)(48,2.109882925534838)(49,2.0938284401953986)(50,1.9986564355729362)(51,2.0738804100520603)(52,182.16044838334622)(53,156.10840290168923)(54,147.81520535361685)(55,141.03425639085756)(56,134.38502173147566)(57,127.79111746530609)(58,121.2650790891533)(59,114.82451824018752)(60,108.48744041437921)(61,102.27183214813601)(62,96.1954599993088)(63,90.27567439789493)(64,84.52920514974635)(65,78.97195051868117)(66,73.61876352864043)(67,68.48323970077948)(68,63.57751091845524)(69,58.91205050177998)(70,54.49549484164333)(71,50.3344870596292)(72,46.43354809583483)(73,42.79498035601188)(74,39.418808553878605)(75,36.30276165395459)(76,33.44229885607895)(77,30.830681379317607)(78,28.459090429277957)(79,26.31679021310497)(80,24.39133325946488)(81,22.668803678300396)

% MSSE
(0,167.43)(1,135.12549469481348)(2,107.1989165252798)(3,102.26017513957599)(4,101.6949755922718)(5,194.37347452131934)(6,102.47771800436217)(7,93.29848405099021)(8,46.73427028412505)(9,69.89283264559033)(10,15.629191345506982)(11,8.602873771284008)(12,15.546546342027064)(13,81.58152414366918)(14,166.15565553293933)(15,44.21222103887937)(16,30.67918311057886)(17,81.42477283795768)(18,61.5019204749627)(19,33.410778185745585)(20,49.52502796624899)(21,38.7327084936537)(22,22.60338456768666)(23,45.015683701422724)(24,32.22444968598369)(25,14.14579577216183)(26,2.547693508372362)(27,3.494002932389895)(28,30.594669262975703)(29,17.89068462189608)(30,8.627569775299767)(31,12.339074043434143)(32,11.86387932740319)(33,8.482465527380647)(34,11.76369611148568)(35,0.39873573483634184)(36,5.514777755190729)(37,10.792593082509843)(38,7.81650978657167)(39,0.2713999957303043)(40,1.6497151769185887)(41,2.1180275787972604)(42,1.3597845687080223)(43,2.938450420601884)(44,4.07363473744916)(45,3.437822742487453)(46,0.35020602326072514)(47,3.304423238915322)(48,2.6207686832513923)(49,0.976241911142465)(50,6.16820289902092)(51,2.8965307866472862)(52,224.0)(53,168.49086153285182)(54,269.7459845889718)(55,138.06421429151607)(56,151.844501705956)(57,64.37893281352875)(58,43.71949226358117)(59,65.5743534808084)(60,148.3904816848892)(61,52.36140171890409)(62,12.426038265943724)(63,93.13213900755478)(64,8.236934429270928)(65,37.42201791409282)(66,30.94571673630662)(67,58.04973388146952)(68,55.37834312519829)(69,24.981431716300268)(70,50.066134639338706)(71,1.3902812145024919)(72,22.668486540681787)(73,19.718953113295765)(74,37.45264175576404)(75,17.802102199603226)(76,0.20539427643368743)(77,0.24646370491703923)(78,29.83531073755712)(79,25.526295844950432)(80,0.7748275805180055)(81,0.637363161300423)
