% MSE
(0,58.25162530519544)

(1,54.62669551909826)

(2,52.64545407800258)

(3,51.317390498284205)

(4,50.221494193241654)

(5,49.19045970367925)

(6,48.16258728229837)

(7,47.117053966694336)

(8,46.04769556728742)

(9,44.95322911409446)

(10,43.83392191196042)

(11,42.69056599793058)

(12,41.52419820435665)

(13,40.33603596471293)

(14,39.12746795475128)

(15,37.90005627710962)

(16,36.65553990472281)

(17,35.395837146398215)

(18,34.123046573962164)

(19,32.8394461414902)

(20,31.547490269239574)

(21,30.24980467425952)

(22,28.949178740441887)

(23,27.64855523796633)

(24,26.35101722689216)

(25,25.059772012832042)

(26,23.7781320648097)

(27,22.509492856957053)

(28,21.257307656777023)

(29,20.025059353089826)

(30,18.816229495876314)

(31,17.634264806973565)

(32,16.482541513349727)

(33,15.364327951335492)

(34,14.282745987966138)

(35,13.240731901161361)

(36,12.240997449987526)

(37,11.285991945389474)

(38,10.377866195909625)

(39,9.518439247242146)

(40,8.709168854265405)

(41,7.951126615058849)

(42,7.244978654544608)

(43,6.590972667936049)

(44,5.9889320194955475)

(45,5.4382574401053345)

(46,4.937936679537975)

(47,4.486562249755141)

(48,4.082357149847703)

(49,3.723208199237233)

(50,3.4067063333567065)

(51,3.1301929468234038)

(52,2.8908111160589023)

(53,2.6855603101613665)

(54,2.5113530194851434)

(55,2.3650716090471806)

(56,2.243623650170072)

(57,2.143994007695431)

(58,2.0632920672300945)

(59,1.9987926850016944)

(60,1.9479699791469516)

(61,1.908533945799987)

(62,1.8789439231330949)

(63,1.8759651196085434)

(64,1155.2230059527233)

(65,529.1389369549138)

(66,282.1152137393039)

(67,189.4576365229127)

(68,155.64751123611924)

(69,142.69932385645131)

(70,136.56136617480615)

(71,511.33697502890845)

(72,290.1753518357103)

(73,201.9872342753584)

(74,167.91819895235722)

(75,154.4464117578858)

(76,148.2406878503479)

(77,144.36923839273493)

(78,141.14576962361926)

(79,138.04154375423076)

(80,134.9063180222369)

(81,131.7025319046742)

(82,128.42305910111648)

% MSE_test
(0,56.00243973706714)(1,49.95221082731238)(2,46.693436535694076)(3,44.87305647975379)(4,43.8082768164797)(5,43.14873290051131)(6,42.70911200425237)(7,42.388216354217114)(8,42.12969185315277)(9,41.90221133604078)(10,41.688792300752624)(11,41.480662780465586)(12,41.27362502320346)(13,41.06591561688763)(14,40.856994122871406)(15,40.64689741778045)(16,40.43592043092385)(17,40.22447123225683)(18,40.01301089439849)(19,39.802030203227844)(20,39.59204029757479)(21,39.38356760933394)(22,39.17714963408529)(23,38.973330502891976)(24,38.77265613343435)(25,38.575668958605554)(26,38.382902285667)(27,38.1948743610353)(28,38.01208223392301)(29,37.83499552977726)(30,37.66405026116094)(31,37.49964281847038)(32,37.342124294683536)(33,37.191795306097134)(34,37.048901473681454)(35,36.913629726211575)(36,36.78610557588462)(37,36.66639149902819)(38,36.554486528470896)(39,36.450327130298035)(40,36.353789396697465)(41,36.26469253966477)(42,36.182803619290475)(43,36.107843387684)(44,36.03949307815813)(45,35.97740192256498)(46,35.92119514083492)(47,35.87048211969559)(48,35.824864483978665)(49,35.78394376874948)(50,35.74732841743505)(51,35.71463988055287)(52,35.68551760622857)(53,35.65962290305467)(54,35.63664127429146)(55,35.61628466640882)(56,35.59828775920125)(57,35.58242537319467)(58,35.568421856728406)(59,35.5564145164737)(60,35.54436771079196)(61,35.543316465543526)(62,35.482516392288446)(63,35.784659716532175)(64,935.4237993674)(65,368.13343654071707)(66,160.03666230904324)(67,92.52895261344722)(68,74.71052238683659)(69,71.91891551675792)(70,72.38122222287903)(71,495.7887240881576)(72,237.11578746207854)(73,125.9468860889141)(74,78.66193278455181)(75,58.36430565383853)(76,49.393120947182695)(77,45.25709137676352)(78,43.262530667342226)(79,42.25555789165628)(80,41.714839545083585)(81,41.39289712582899)(82,41.16972443161915)

% MSSE
(0,78.85)(1,15.788527959060495)(2,44.96866181327596)(3,46.193845196350736)(4,36.39747087190794)(5,35.436163166618506)(6,94.40515108252748)(7,50.002680378966005)(8,55.814951437473425)(9,79.02166644196652)(10,6.948564239841611)(11,79.91165749915257)(12,33.07364557834466)(13,15.47232236701912)(14,55.252121726183404)(15,7.292185439116438)(16,51.15500872794635)(17,40.3219755224353)(18,6.221859559402374)(19,28.249761921942525)(20,32.23920398396094)(21,30.776328714943528)(22,20.983219951988712)(23,7.617873420224852)(24,5.138916707302161)(25,23.14908787820034)(26,25.980100866323273)(27,4.002058011527622)(28,6.898043990345805)(29,10.727712233456062)(30,9.406530643128097)(31,18.241938048713358)(32,14.154374213922367)(33,23.851979109657133)(34,19.393045685043045)(35,17.42672296538866)(36,5.894831940454399)(37,4.866106110139492)(38,7.42589899242185)(39,7.180935169888551)(40,9.032087311551184)(41,5.685544599107878)(42,5.469352784570242)(43,2.7261801148886344)(44,6.452296608936964)(45,1.9228615653921)(46,1.76077314571251)(47,5.137605875052866)(48,0.03036973021957907)(49,4.445331698523868)(50,1.243825471269754)(51,2.950269244756567)(52,2.547014375132984)(53,0.4436996134089996)(54,0.291942066661293)(55,0.5095922346518659)(56,1.0672402250204867)(57,0.45251251761865063)(58,0.13165733693006149)(59,0.09011829448729047)(60,0.13306369535379495)(61,0.2570358379527395)(62,0.05311056281309307)(63,0.07072917065012244)(64,1032.31)(65,502.9772895709908)(66,303.80228009684544)(67,225.9793273747932)(68,159.27080541396765)(69,112.2228841442875)(70,171.2669455100111)(71,511.02)(72,237.17384953576732)(73,141.7162935423824)(74,37.500477519039194)(75,313.05916868252757)(76,374.52246444084795)(77,10.63885563315053)(78,210.76404806577855)(79,175.25942269048218)(80,367.7658511640607)(81,213.10068185450228)(82,67.07838667438827)
