% MSE
(0,1799.1972857600522)

(1,654.5920894390276)

(2,227.48913060112022)

(3,78.60825625659494)

(4,30.35179900077792)

(5,15.831322667654815)

(6,11.721761174569457)

(7,10.544108636389797)

(8,939.6729052375302)

(9,339.6799249188127)

(10,115.83298876343967)

(11,37.8434018467169)

(12,12.607178279147208)

(13,5.0586557506417815)

(14,2.969874855518134)

(15,892.6335387618168)

(16,321.2722357073837)

(17,108.13038261480337)

(18,33.89524966893652)

(19,9.900353726081384)

(20,2.7513254037738)

(21,0.8030101865767832)

(22,0.32146562680052126)

(23,0.21445539105195402)

(24,4650.979950588233)

(25,1688.1666097138532)

(26,582.6721136425416)

(27,197.38238939710627)

(28,72.5707628250734)

(29,35.09082702022528)

(30,24.563659437700977)

(31,21.629202949449173)

(32,20.624422816887)

(33,20.05183387202265)

(34,19.557307405679623)

(35,19.067017377528177)

(36,18.567798103751638)

(37,18.05794333247326)

(38,17.537648141739584)

(39,17.00742860021843)

(40,16.467906048610644)

(41,15.919785280687794)

(42,15.363854622381254)

(43,14.800987417065723)

(44,14.23214291954053)

(45,13.658366353294104)

(46,13.080788006722978)

(47,12.500621249471433)

(48,11.919159352451556)

(49,11.337771000685592)

(50,10.75789439762529)

(51,10.181029873608209)

(52,9.608730930116089)

(53,9.042593675952759)

(54,8.484244641687368)

(55,7.935326994885811)

(56,7.397485220741939)

(57,6.872348380420122)

(58,6.3615121121093)

(59,5.866519596478089)

(60,5.388841767492915)

(61,4.929857109562524)

(62,4.490831440375849)

(63,4.0728981328282305)

(64,3.6770392759127075)

(65,3.304068309890326)

(66,2.954614691783049)

(67,2.629111149591726)

(68,2.3277840642224406)

(69,2.050647474027698)

(70,1.7975011261161236)

(71,1.567932900327821)

(72,1.3613258067151406)

(73,1.1768696080311223)

(74,1.0135769496597464)

(75,0.8703036972899323)

(76,0.745772996137851)

(77,0.6386023851074366)

(78,2783.0175711810107)

(79,1001.8917599494731)

(80,337.44893165722044)

(81,106.02190531901402)

(82,31.209193305699756)

(83,8.90997794717523)

(84,2.822627884369446)

% MSE_test
(0,1707.3058541690311)(1,626.8541958885683)(2,240.53646021205918)(3,116.35348335640053)(4,82.26338917810064)(5,75.3299454758486)(6,74.8805907758106)(7,75.12439805539556)(8,933.7377859888097)(9,378.6788331802071)(10,183.40694810030556)(11,122.8030986308715)(12,107.64510011882305)(13,105.60965307725169)(14,106.30579955489918)(15,876.4857932440228)(16,316.26773214673426)(17,110.60231722941553)(18,41.08798300678919)(19,19.918614980544934)(20,14.37630091020246)(21,13.294796392759714)(22,13.254508483842315)(23,13.356840193807809)(24,4484.5553308000235)(25,1605.5662526077813)(26,554.3339423283992)(27,202.23023420319208)(28,96.56448306056407)(29,69.39478762299294)(30,63.8987690223935)(31,62.99553312146956)(32,62.40015562050318)(33,61.40246052749927)(34,60.072646476719335)(35,58.551953888247084)(36,56.92938327793917)(37,55.24871714393302)(38,53.52940092273091)(39,51.78015668657199)(40,50.00569607938965)(41,48.209550107150825)(42,46.395111631409996)(43,44.56596757990516)(44,42.72598671898116)(45,40.87933476603873)(46,39.0304695846991)(47,37.184129191398895)(48,35.34531457732947)(49,33.519267235058706)(50,31.711441047789236)(51,29.927468247856858)(52,28.17311923641857)(53,26.454256163576524)(54,24.77678029894916)(55,23.146573377402852)(56,21.569433282911145)(57,20.051004633822107)(58,18.596705052330968)(59,17.211648135294418)(60,15.900564386524557)(61,14.667721614379387)(62,13.516846532876924)(63,12.451049517941957)(64,11.47275464929894)(65,10.583637298282522)(66,9.784571587013566)(67,9.075590029743188)(68,8.455857558400412)(69,7.923661919730867)(70,7.476422102353203)(71,7.110716005867668)(72,6.8223280032478755)(73,6.606316384672569)(74,6.4570999230252415)(75,6.368561998267642)(76,6.334169912409706)(77,6.347106146779307)(78,2751.8349690457535)(79,982.330161851659)(80,326.5641719777186)(81,100.89928305829768)(82,29.608871713397537)(83,9.317225167748777)(84,4.297492131457673)

% MSSE
(0,1740.29)(1,660.2599788830063)(2,236.6478025572003)(3,156.71962861288193)(4,92.11340235794225)(5,61.75342368403678)(6,25.16381321962196)(7,92.64270288397533)(8,931.78)(9,379.40499455225756)(10,147.3260786222597)(11,109.50800959371091)(12,64.94234966607384)(13,155.490851181651)(14,7.791033730870179)(15,879.75)(16,316.6898120431195)(17,120.87754861902117)(18,67.70703732577024)(19,17.006214114915245)(20,20.916117583387535)(21,26.74503979741685)(22,0.24360658077947953)(23,26.200872256083013)(24,4352.33)(25,1623.758457112763)(26,574.0396581459461)(27,211.5253741431294)(28,91.65210112969005)(29,54.65559386707101)(30,28.779748957033213)(31,44.83085827812094)(32,87.66347877745518)(33,60.52193908222543)(34,40.5627165327892)(35,83.85788244876312)(36,47.35369741733068)(37,87.9144587324745)(38,42.5625002716419)(39,59.182933694637384)(40,68.8468702175018)(41,51.189665183138295)(42,29.90994275175612)(43,57.86479908939734)(44,41.88508342242628)(45,21.586446027716093)(46,32.142508039816796)(47,12.599185022798459)(48,45.836607797795985)(49,21.95379438457288)(50,20.808417732496352)(51,19.69960282207157)(52,5.029145107441678)(53,25.909474095993698)(54,48.112703914742426)(55,4.098566312776796)(56,24.523586705337813)(57,7.6253407941926294)(58,18.027828132732)(59,14.196295459091651)(60,17.97512326298412)(61,12.165025211061396)(62,6.937807472477784)(63,8.03620676347689)(64,9.908457782237027)(65,10.791250671257517)(66,11.020508611689136)(67,9.112398488923077)(68,12.164700228655374)(69,9.101938460444199)(70,3.6051607109177626)(71,6.088650064400923)(72,9.8629013433882)(73,5.839795957278684)(74,6.620811827067753)(75,3.6641331030369146)(76,2.568240801993607)(77,3.638272578365439)(78,2711.05)(79,995.3636162141868)(80,331.71587221846966)(81,106.23635857484976)(82,30.62380067648573)(83,9.662115954214785)(84,3.388087527744432)
