% MSE
(0,3253.8210485175937)

(1,604.9219587653325)

(2,364.7465261090437)

(3,226.293682033325)

(4,144.17809786154288)

(5,95.86986067083906)

(6,67.34059087752304)

(7,50.09673783692034)

(8,39.171961996598526)

(9,31.762355719268747)

(10,26.337123762596956)

(11,22.084710572258494)

(12,18.58344998607794)

(13,15.61467410130629)

(14,13.061474663405935)

(15,10.856271890570717)

(16,8.954779062428868)

(17,7.3235626201422495)

(18,5.934314611785646)

(19,4.761332615932639)

(20,3.7804991570900235)

(21,2.968950610229009)

(22,2.3050544100617616)

(23,1.7685179521542873)

(24,1.3405803090332278)

(25,1.0045323593607922)

(26,0.7488582583095266)

(27,0.5936832215010387)

(28,0.5671145331172723)

(29,10341.976611996379)

(30,3244.7222679040383)

(31,1888.5010498653548)

(32,1096.3974594242827)

(33,637.0131405524401)

(34,375.8447899245673)

(35,229.2683680681478)

(36,147.0133086596624)

(37,99.95506177301611)

(38,71.83789882853594)

(39,53.909323526539865)

(40,41.602707369524225)

(41,32.58474543328559)

(42,25.663263093500507)

(43,20.207336604842233)

(44,15.855150062512635)

(45,12.374087305498707)

(46,9.596663197506597)

(47,7.392064700516426)

(48,5.653503048253718)

(49,4.292246362376718)

(50,3.234365115815336)

(51,2.418555908549023)

(52,1.7944153223108803)

(53,1.3210185679770134)

(54,0.9663592615243711)

(55,0.7126358553864199)

(56,0.6120353713803708)

(57,0.5458758315981923)

(58,4562.914052000769)

(59,2468.8295241212877)

(60,1664.9366137114928)

(61,1133.3754327613972)

(62,779.9483402702123)

(63,543.6508097987809)

(64,383.996430682669)

(65,274.5396535824233)

(66,198.2143301519563)

(67,144.07087960337086)

(68,105.06962916086964)

(69,76.63570896060159)

(70,55.73903384763947)

(71,40.321552832682215)

(72,28.945783645396805)

(73,20.58008561939785)

(74,14.466581380632345)

(75,10.038457349104341)

(76,6.866747905826602)

(77,4.62488613684779)

(78,3.0641420246417117)

(79,1.9958909884373226)

(80,1.2783059764879339)

(81,0.8060419089915923)

(82,0.5020708725141217)

% MSE_test
(0,2910.3546202108664)(1,647.7780576374056)(2,397.48213950690706)(3,258.41247731747313)(4,172.70023197545137)(5,120.58307870450382)(6,88.42188280199001)(7,68.02754943254828)(8,54.48969797042916)(9,44.97140249069566)(10,37.86686727453298)(11,32.28216547345005)(12,27.72185622778312)(13,23.906290364155513)(14,20.672013825487266)(15,17.91571209904017)(16,15.567387879759016)(17,13.573265942585865)(18,11.891095639323302)(19,10.482008536603324)(20,9.314997527634532)(21,8.355135146392293)(22,7.582468372230608)(23,6.95439203194269)(24,6.483569602975099)(25,6.0640066601687215)(26,5.892440516208867)(27,5.41530929026209)(28,5.957883436132322)(29,8325.437601553187)(30,3151.68212008814)(31,1826.2358148346345)(32,1108.382143078401)(33,681.4101989009349)(34,435.5189364721377)(35,292.8703002446443)(36,208.5978177386831)(37,156.43151771093002)(38,121.93745681553798)(39,97.3629963723475)(40,78.7152240570151)(41,63.94479724009357)(42,51.988348840162146)(43,42.23971728336361)(44,34.3084154274679)(45,27.89739564111427)(46,22.761725122690727)(47,18.685726773734036)(48,15.481955280193766)(49,12.986205259911351)(50,11.057715773859803)(51,9.582323738460266)(52,8.452265170912835)(53,7.618433031913)(54,6.938028805018784)(55,6.595312092115732)(56,5.964841132190379)(57,6.402865016523966)(58,3920.6535994790643)(59,2468.5138844919056)(60,1643.6404108638678)(61,1127.1331609941253)(62,781.2650373459228)(63,551.5707645024125)(64,396.81177235033994)(65,290.91124965541337)(66,216.80639716007624)(67,163.7031661642845)(68,124.73255532328815)(69,95.55150475027096)(70,73.36521932774284)(71,56.34456154175881)(72,43.24409075557646)(73,33.1840564925359)(74,25.509671698853484)(75,19.716994551570092)(76,15.402319590190109)(77,12.240124548472924)(78,9.962895150192205)(79,8.355340512662268)(80,7.244022541428651)(81,6.490653052508319)(82,5.998981369397496)

% MSSE
(0,3570.8)(1,680.7429200924553)(2,407.83101071591335)(3,315.7234641603296)(4,154.2860485033406)(5,114.1540087015371)(6,89.32511559456727)(7,69.75015442797032)(8,51.406126748300515)(9,30.2193283242472)(10,34.37159301886094)(11,25.2381996924316)(12,21.21419251048834)(13,17.09552134326161)(14,15.4624544336904)(15,9.585553998894335)(16,10.544024546155503)(17,7.779196205632751)(18,6.272012664104117)(19,5.427980590732548)(20,5.133549893630573)(21,3.335268566576664)(22,2.8886956546725218)(23,2.300625776394958)(24,1.518770896319491)(25,1.3354072440755878)(26,0.7801849811325617)(27,0.7250280028028868)(28,0.5951754395946822)(29,11040.8)(30,3099.723098584492)(31,2206.203801960284)(32,1257.8247846183344)(33,697.2240548255193)(34,474.2911945666701)(35,233.25601238587652)(36,163.9073351718436)(37,128.7112333719116)(38,89.18772367315327)(39,65.84401213930855)(40,55.07288655872382)(41,40.38312036047798)(42,44.37407627554302)(43,32.22884514627916)(44,18.72282088230818)(45,12.576502002158705)(46,12.89880834090775)(47,8.494685494504438)(48,7.363854128663837)(49,4.925887094912599)(50,3.7157046885052893)(51,3.0405855691298793)(52,2.009785329898941)(53,1.7367037187464973)(54,1.1618339521429897)(55,0.8121477447551704)(56,0.6822760648894896)(57,0.7223415855307406)(58,5430.07)(59,2613.5915483102513)(60,2364.874774743219)(61,1233.1903726380287)(62,846.6733554365898)(63,626.2437353522145)(64,406.74974077872974)(65,244.343535809419)(66,281.180314104293)(67,173.4075628524506)(68,110.47798143676819)(69,85.1533261574245)(70,72.04321565494928)(71,60.72136714614417)(72,33.294119355911036)(73,25.532673612446484)(74,14.541845223819136)(75,9.484425078314171)(76,8.042967241631258)(77,3.644683344042539)(78,4.0183744418486995)(79,2.2392467063231867)(80,1.7836786316826767)(81,0.8352011555326851)(82,0.5398311149020775)
