% MSE
(0,3218.0632733031143)

(1,1751.210545121899)

(2,1221.1226850635178)

(3,883.1422842808448)

(4,644.9681619878418)

(5,476.6947780437498)

(6,359.59957384380175)

(7,279.6948369214421)

(8,226.31447881031352)

(9,191.43742732055074)

(10,169.16694895583137)

(11,155.28160774499045)

(12,146.85303665524356)

(13,141.9446850575021)

(14,139.43692923419562)

(15,139.1566272864108)

(16,2207.6278494053445)

(17,1217.4795764002417)

(18,2216.081160476551)

(19,1639.9315625408583)

(20,1236.6329396511942)

(21,945.2318324940288)

(22,735.4454683486967)

(23,585.5443301609586)

(24,479.13679946720345)

(25,403.8636560493336)

(26,350.517233034843)

(27,312.35547901257024)

(28,284.54341814165764)

(29,263.69357032783415)

(30,247.49125347763038)

(31,234.3960278795337)

(32,223.4124906897898)

(33,213.92754222306928)

(34,205.63144943313262)

(35,198.64465109483592)

(36,194.55240568681342)

(37,190.78473162213504)

(38,3343.64788930519)

(39,2084.0501645230142)

(40,1440.2813700166298)

(41,1036.7695650746464)

(42,771.0656451036489)

(43,592.2888034756498)

(44,470.5500095469438)

(45,387.120685924358)

(46,329.72038337305173)

(47,290.01890229401886)

(48,262.2580191178411)

(49,242.44676194550442)

(50,227.8521598682447)

(51,216.65357096138956)

(52,207.71305676011195)

(53,200.49434096521418)

(54,195.385545331229)

(55,192.28693121847806)

(56,192.22925512987408)

(57,851.363574044011)

(58,608.30667163267)

(59,497.0232340339633)

(60,419.4804685532848)

(61,361.7375129110999)

(62,318.3419713250393)

(63,285.6473433658905)

(64,260.8974535353734)

(65,241.98261304529427)

(66,227.3067111867842)

(67,215.68434896884432)

(68,206.2537452189911)

(69,198.40315642769875)

(70,191.71189625613056)

(71,185.9113713302322)

(72,180.88854910351895)

(73,176.83265425206372)

(74,175.01938123239583)

(75,172.16479689216237)

(76,12357.06197206001)

(77,3957.492649336126)

(78,2391.67360048711)

(79,1688.4535736666132)

(80,1237.4214324032985)

(81,923.2693971638229)

(82,701.440620813742)

(83,545.2081588443275)

(84,435.84964442310326)

(85,359.7089419977161)

% MSE_test
(0,2690.3040365026777)(1,1882.4502405455385)(2,1168.7967512580096)(3,869.0194529028354)(4,588.1882259241005)(5,416.9947425391603)(6,282.1189748864465)(7,197.09981608892883)(8,134.25187475974602)(9,96.07010499952132)(10,68.22512425122451)(11,52.82478767437353)(12,40.73404223614892)(13,35.75516020643229)(14,30.15962797317773)(15,31.217321014062254)(16,1925.3986043207826)(17,1925.8101443971175)(18,2252.795120760076)(19,1577.318225338546)(20,1223.402868265556)(21,920.3871829697387)(22,709.6783584989766)(23,548.0156545811906)(24,431.4398373732496)(25,344.0433371578389)(26,280.12433657518164)(27,231.94874479152506)(28,195.8226902851044)(29,167.88792324461596)(30,146.00656233672322)(31,128.54973967164634)(32,113.92033605535629)(33,102.38058520402339)(34,91.22515291293692)(35,84.87978212010253)(36,75.1854772891436)(37,77.03820369247877)(38,3059.49098610618)(39,2094.7597731125798)(40,1415.5979142181602)(41,1021.8971025912693)(42,742.5103804201418)(43,551.1369644399671)(44,416.1291340027317)(45,319.7144905959396)(46,252.04763472363095)(47,202.59077183059344)(48,168.2888956141619)(49,141.77944868520282)(50,123.96276752558543)(51,107.7961250317556)(52,98.77175603320042)(53,85.97155299522748)(54,85.6398469646724)(55,72.50866219110804)(56,83.48563744919925)(57,921.3970644217613)(58,492.19309372985396)(59,462.05471826849697)(60,366.1814615822085)(61,325.53001594927827)(62,279.06173160766645)(63,251.15107019940487)(64,223.60031286204907)(65,204.86339046555744)(66,186.09020826517164)(67,172.5646626506652)(68,157.95279196437772)(69,147.62567419296468)(70,134.84457614233165)(71,127.41657516344803)(72,114.65086103085414)(73,112.33538899726149)(74,96.90377823353867)(75,103.45289609408988)(76,9660.917870799543)(77,4133.087652366271)(78,2152.895846339204)(79,1635.6394099338233)(80,1116.197518106718)(81,831.6268309673677)(82,592.4687404169204)(83,444.00666078586505)(84,327.85990942225465)(85,254.37464100074467)

% MSSE
(0,2661.74)(1,1363.4723407891343)(2,1036.5497087340189)(3,805.585340482056)(4,528.6201816561602)(5,427.0639355860878)(6,289.0095298612987)(7,191.55970277218165)(8,116.3781739772926)(9,81.44341766194303)(10,57.00877886139263)(11,43.78084382291594)(12,28.192478890217156)(13,22.923220613188153)(14,19.48987450172553)(15,13.178291838974882)(16,2129.89)(17,2244.4993165308465)(18,2053.46)(19,1447.4070564618626)(20,1160.6609814394583)(21,809.3156904679973)(22,686.3597804713057)(23,501.4030497692566)(24,385.36104075213706)(25,320.6357842051361)(26,216.93249200521691)(27,238.2981247805307)(28,165.84175955910797)(29,119.85293844263585)(30,131.8620805148948)(31,109.30301779042512)(32,110.02494564679981)(33,95.10416088384513)(34,85.37953388009875)(35,72.3421801308362)(36,70.19321956104486)(37,46.24608687707333)(38,2403.33)(39,1734.9089626771822)(40,1196.8321634366857)(41,767.0081268452661)(42,572.072223548698)(43,475.2235116448308)(44,347.7152731060694)(45,255.9358049758571)(46,265.6427015028489)(47,149.89832450320407)(48,135.18771863315428)(49,121.21555608300457)(50,65.02832384498276)(51,86.05118847930817)(52,86.41630663291807)(53,70.07005142077372)(54,91.89000136308852)(55,67.44386572614565)(56,95.36681375708358)(57,739.99)(58,443.79993748985044)(59,407.9866855830154)(60,348.82485620242477)(61,225.4239304946984)(62,206.05101476632953)(63,231.08982182342766)(64,190.5277526440933)(65,149.07199514041713)(66,110.09269312141913)(67,116.98811061736056)(68,108.1063990510413)(69,88.5215876636974)(70,78.8246483577546)(71,92.65411287844069)(72,74.93189286690414)(73,57.70783366385876)(74,78.26226625707501)(75,59.92200818419474)(76,11104.0)(77,3000.118330986422)(78,1917.209772569067)(79,1569.1044427735003)(80,964.9518165627964)(81,721.615525737832)(82,438.4474844678556)(83,318.00040052587764)(84,239.99359435385693)(85,217.14452050652235)
