% MSE
(0,2532.663021089652)

(1,1066.5352497649974)

(2,827.7303068295023)

(3,718.7516671447775)

(4,637.0468539939565)

(5,572.0409582964751)

(6,520.1847925315541)

(7,478.819593466553)

(8,445.79344960595125)

(9,419.37745399294397)

(10,398.19489991068554)

(11,381.1564547105855)

(12,367.4031420774574)

(13,356.25811111686005)

(14,347.18725050078206)

(15,339.7679947162446)

(16,333.66520675123553)

(17,328.61280517039967)

(18,324.39979800156766)

(19,320.85953383194783)

(20,317.8612163744527)

(21,315.30299125975284)

(22,313.10615534165044)

(23,311.21023002226735)

(24,309.568769839429)

(25,308.1458492183244)

(26,306.91319643184767)

(27,305.84794060951845)

(28,304.9309204585281)

(29,304.1454841011214)

(30,303.4766954956505)

(31,302.9108574997703)

(32,302.43526477515263)

(33,9955.979252677798)

(34,2582.3215163445375)

(35,1692.1588132073675)

(36,1417.3078621414627)

(37,1223.1316703972898)

(38,1065.903763581931)

(39,937.3871470440408)

(40,832.1602218035124)

(41,745.8118561586598)

(42,674.7487185339113)

(43,616.0630680181173)

(44,567.4122195203335)

(45,526.9123478090264)

(46,493.04839133966254)

(47,464.6000961003841)

(48,440.5829205017282)

(49,420.20168339533507)

(50,402.8144702548365)

(51,387.90434484380694)

(52,375.0567311916303)

(53,363.94080428928044)

(54,354.2937382703275)

(55,345.90711647151346)

(56,338.61515386598904)

(57,332.28460044213904)

(58,326.806294625943)

(59,322.08834723406585)

(60,318.05089382171633)

(61,314.62228948571584)

(62,311.7365602064967)

(63,309.3318837875329)

(64,307.34985724501644)

(65,305.735314942475)

(66,304.4364874237464)

(67,303.40532767379574)

(68,302.5978726232666)

(69,301.97454776431323)

(70,301.50035830655355)

(71,4960.908532755032)

(72,2358.596806683359)

(73,1918.6453388265707)

(74,1692.7164333177598)

(75,1504.2553673453133)

(76,1339.3397026878656)

(77,1195.4055840216347)

(78,1070.4600162489753)

(79,962.5546202148225)

(80,869.7949614322213)

(81,790.3663398824924)

(82,722.5570068285557)

% MSE_test
(0,2103.288447740947)(1,963.1394817530193)(2,813.023406112344)(3,739.9407529644757)(4,679.0471253236417)(5,628.7990783126818)(6,588.2052330296787)(7,555.6356724751545)(8,529.5663341633945)(9,508.73091427244526)(10,492.10195886074985)(11,478.84827220736923)(12,468.29627023867425)(13,459.8986178941229)(14,453.2097783533946)(15,447.86741798776654)(16,443.578371659565)(17,440.1078598141947)(18,437.2708113747842)(19,434.9244178403651)(20,432.96135440051376)(21,431.3033932119001)(22,429.8953604307217)(23,428.6995320895422)(24,427.6906245604288)(25,426.85152824193153)(26,426.1698813676487)(27,425.63550890296267)(28,425.2386800518089)(29,424.9690810421914)(30,424.81536452714727)(31,424.76512391124123)(32,424.805146730714)(33,8326.825203787057)(34,2144.0863887258133)(35,1514.471180865352)(36,1328.2594228155199)(37,1181.2214433873182)(38,1056.746001141105)(39,953.3463546351292)(40,867.936866766718)(41,797.4069351371068)(42,739.1003444270887)(43,690.8164450950935)(44,650.738091123236)(45,617.36343969332)(46,589.4504710828597)(47,565.9734603362471)(48,546.0892639918599)(49,529.1109329142467)(50,514.4862420802132)(51,501.7791326169909)(52,490.65265288608646)(53,480.85262346782235)(54,472.1918172299495)(55,464.53486096511017)(56,457.7842953952195)(57,451.86828323072945)(58,446.7303683023412)(59,442.32151602523527)(60,438.5944615124989)(61,435.50020211460287)(62,432.98632639498317)(63,430.99678551637476)(64,429.4726856209626)(65,428.3537012234415)(66,427.5797651226936)(67,427.09276424649556)(68,426.8380495928328)(69,426.7656419858405)(70,426.83107766639074)(71,4395.962791937255)(72,2176.2956314570874)(73,1821.9136333981799)(74,1628.5594257238943)(75,1461.5046525151045)(76,1315.2957085591374)(77,1189.064778197396)(78,1081.0258730248584)(79,989.1379117940372)(80,911.3659829408251)(81,845.7575860855969)(82,790.4809374868786)

% MSSE
(0,2221.18)(1,728.4569852743844)(2,568.2402721585753)(3,394.75251004858086)(4,348.64887593852313)(5,339.9354191259216)(6,255.90698330071314)(7,195.33842002206842)(8,146.0897048633621)(9,127.49465825754852)(10,122.06906290010764)(11,80.50996313458809)(12,84.50030563880148)(13,65.69985695426598)(14,56.74589897652508)(15,38.85213511452162)(16,39.45827104584141)(17,31.27152887376785)(18,27.283968013759573)(19,26.0402783147459)(20,27.172483465573492)(21,12.634690769026701)(22,16.03254127954594)(23,11.039723963485347)(24,10.163957727747349)(25,10.317897981102348)(26,7.238603520904594)(27,7.025971227813113)(28,7.891662110245777)(29,7.176362989746945)(30,4.563638880712187)(31,5.38279461398506)(32,3.8098180371356833)(33,9145.83)(34,2470.6278841625076)(35,1599.0250872637462)(36,1374.4156953770416)(37,923.8405559558306)(38,843.253543473327)(39,810.1657402099969)(40,592.3972578719437)(41,563.2803974743742)(42,454.9455836637871)(43,430.8285190940975)(44,329.09947763361976)(45,234.99816735484376)(46,211.65274670258208)(47,183.555073365421)(48,171.77084502162296)(49,166.14682216092962)(50,126.56970157673368)(51,115.45232577907454)(52,85.30474501461866)(53,78.60683351237321)(54,81.20859754815434)(55,55.295806907002586)(56,72.98557782451857)(57,64.18805553407854)(58,49.451591837398404)(59,43.77502219595328)(60,35.9018858424034)(61,31.74596190906207)(62,26.70999646269217)(63,48.10955855083958)(64,30.699051277779294)(65,49.27149221744257)(66,39.98631429100416)(67,14.451971221472785)(68,38.88708789526602)(69,39.33052153877766)(70,23.327590484189056)(71,5303.96)(72,2307.1544457412106)(73,1951.8042447937069)(74,1490.4824255709932)(75,1504.5594352850355)(76,1131.1679822378674)(77,945.2949227840107)(78,893.770831597808)(79,945.5453280136607)(80,586.1348380411342)(81,652.7244310685892)(82,574.9415644918446)
