% MSE
(0,3728.7871776241896)

(1,1101.5892848628823)

(2,796.1215302797884)

(3,623.1333464077313)

(4,488.70662299228997)

(5,383.4976458818858)

(6,301.4477490555046)

(7,237.6239091687729)

(8,188.04813165930685)

(9,149.55413801291283)

(10,119.65124509046673)

(11,96.3995670046963)

(12,78.29944174694023)

(13,64.19664632966956)

(14,53.20372922497315)

(15,44.63674360344245)

(16,37.96587366414147)

(17,32.77794296841708)

(18,28.748576920655537)

(19,25.621826716014162)

(20,23.195288788050743)

(21,21.30909804771366)

(22,19.837561157083123)

(23,18.682565990654254)

(24,17.768213345069437)

(25,17.03634691018158)

(26,16.44280686849505)

(27,15.954314042039263)

(28,15.545924612912318)

(29,15.19900002702043)

(30,14.899629209916595)

(31,14.637431858728844)

(32,14.404668202698614)

(33,14.195583904441946)

(34,14.005927649275213)

(35,13.832591113031082)

(36,13.673333914891233)

(37,13.526567871602714)

(38,13.391184199935505)

(39,13.26641389823872)

(40,13.151715802581696)

(41,13.046693911929937)

(42,12.95117472044068)

(43,12.869255115594704)

(44,2693.694580682375)

(45,717.1011422493351)

(46,506.02346199488454)

(47,399.8358615201176)

(48,322.71377744061857)

(49,264.85260586209927)

(50,220.4364930235787)

(51,185.47711856157065)

(52,157.28159426532935)

(53,134.05580956676778)

(54,114.60973513692576)

(55,98.14716434266401)

(56,84.12176267498461)

(57,72.14253904853923)

(58,61.914306017740465)

(59,53.20167203642645)

(60,45.808065461832854)

(61,39.563874537454275)

(62,34.31983354301472)

(63,29.94327303123139)

(64,26.31585418895731)

(65,23.33203634994504)

(66,20.897896220735156)

(67,18.930120976259794)

(68,17.355101907559597)

(69,16.108103815110823)

(70,15.132503638682566)

(71,14.379094888215624)

(72,13.805451076059594)

(73,13.375336771590224)

(74,13.058152043620172)

(75,12.828396189692159)

(76,12.665139772565107)

(77,12.551499227629662)

(78,12.474114369531998)

(79,12.422634676513939)

(80,7466.939383084639)

(81,2471.0785352184903)

(82,1786.6257449643904)

% MSE_test
(0,4254.482676631362)(1,1479.0809871515796)(2,1098.2056195884159)(3,865.3057676637522)(4,680.8218398243665)(5,534.1116923323725)(6,418.08028783163314)(7,326.78222760382044)(8,255.2782716868722)(9,199.51289619207796)(10,156.1908952192582)(11,122.6596274443145)(12,96.8005181210754)(13,76.9321849430327)(14,61.726436917789904)(15,50.1373823028211)(16,41.34304960816955)(17,34.698320102638846)(18,29.69760703401321)(19,25.94558163353322)(20,23.134299323945363)(21,21.02526595771791)(22,19.435243136744866)(23,18.224869253568095)(24,17.289427473806626)(25,16.551298642541582)(26,15.953786974339101)(27,15.45610279548963)(28,15.029340337680205)(29,14.653313663946253)(30,14.314123011331958)(31,14.002328155922584)(32,13.71160982138809)(33,13.437811281916904)(34,13.178261266522933)(35,12.931309210092316)(36,12.695981015146296)(37,12.471809923494085)(38,12.258459267407785)(39,12.0564374942109)(40,11.863587902819487)(41,11.690051187056863)(42,11.488294090077922)(43,11.504819610920723)(44,2673.268911939785)(45,769.1927715062262)(46,573.9808585227521)(47,464.9322952231705)(48,380.3407913750211)(49,313.9718181112012)(50,261.1090604606142)(51,218.27113544150467)(52,183.0250877839308)(53,153.682401850697)(54,129.05913028561713)(55,108.30528018765457)(56,90.78863815511008)(57,76.01880716693117)(58,63.59940886261296)(59,53.19897766553053)(60,44.53360508728643)(61,37.35658236586327)(62,31.452000976499647)(63,26.630493243245358)(64,22.726098588228556)(65,19.593727712293177)(66,17.106969487561482)(67,15.156126365306013)(68,13.646431271737583)(69,12.4964276104426)(70,11.636503529370826)(71,11.007572091620336)(72,10.559885591369053)(73,10.251968191402792)(74,10.049648130116957)(75,9.925170580512901)(76,9.856374183260074)(77,9.825920164624433)(78,9.820565741524893)(79,9.830488355259893)(80,8111.224674894536)(81,3203.664225102773)(82,2448.5504754804924)

% MSSE
(0,4266.88)(1,1329.1410352674945)(2,788.9880091202255)(3,667.4027331891551)(4,559.4163474784668)(5,380.8118617803998)(6,308.24178923316634)(7,241.5948290133794)(8,182.42627992077786)(9,136.77090238997897)(10,137.45816814219359)(11,100.50138613862215)(12,55.43306705879306)(13,60.968714017547946)(14,53.340364948407014)(15,38.75575440141379)(16,26.87151864591353)(17,16.98136516461693)(18,21.97298432037253)(19,24.609042461110036)(20,10.250803024841705)(21,10.974637581206226)(22,13.589972845878478)(23,11.160474300353291)(24,4.75545279797497)(25,4.966261495116954)(26,6.596910585697863)(27,3.644359868473557)(28,6.911915021090667)(29,2.947165046732893)(30,4.4255860647363825)(31,2.5559050731020894)(32,2.6719198613539543)(33,2.3799602340181587)(34,2.669010061585153)(35,1.7016768151750221)(36,1.9609799659427127)(37,1.4184464728604342)(38,1.3592259815488459)(39,1.0705007630621746)(40,0.8646045357101044)(41,0.6228955354059275)(42,0.8800895329256733)(43,0.918898695474158)(44,3205.3)(45,785.7872533494639)(46,446.31042486669486)(47,405.457125092939)(48,326.1462195118138)(49,360.3249159682739)(50,226.353489275206)(51,213.2129983365202)(52,169.7194072483353)(53,141.58128737853596)(54,138.4188928664442)(55,90.89641611958282)(56,71.20075718595184)(57,87.91627953388556)(58,61.85717365919382)(59,57.119330446931365)(60,46.483080071535475)(61,37.453185486989575)(62,33.9068996622113)(63,24.733775411901888)(64,24.703490572474017)(65,16.242883456709727)(66,12.914427392455453)(67,11.12109707486624)(68,9.712484439983047)(69,5.993809400068196)(70,4.764029762636006)(71,4.467216490140137)(72,3.6406820161475006)(73,2.491187501834857)(74,1.8007792828749531)(75,1.6716595442118523)(76,1.2182587919031942)(77,1.252101736235398)(78,1.0373524646312122)(79,0.926228943135597)(80,6924.59)(81,2130.6953397744537)(82,1784.4260101608668)
