% MSE
(0,5043.760045565489)

(1,286.9844167919607)

(2,284.61183320148785)

(3,12722.538179148058)

(4,453.8118980557111)

(5,434.1882499263815)

(6,421.14483262343197)

(7,408.7172798091838)

(8,396.9310857256251)

(9,385.81108878555176)

(10,375.37683310772815)

(11,365.64215348281743)

(12,356.6148727721817)

(13,348.2966032545495)

(14,340.68266449874073)

(15,333.7621279693029)

(16,327.51799506540874)

(17,321.9275110445197)

(18,316.9626124217102)

(19,312.59050014678127)

(20,308.77432538824354)

(21,305.47396939327274)

(22,302.6468939830003)

(23,300.2490351392564)

(24,298.23570919050223)

(25,296.5624996197304)

(26,295.1860927299502)

(27,294.0650324405444)

(28,293.16036834216277)

(29,292.43617664783613)

(30,291.8599405270528)

(31,291.402784046822)

(32,291.03956209002735)

(33,290.74881750917353)

(34,290.5126371485169)

(35,290.31661981535893)

(36,290.15272681351655)

(37,290.069260731682)

(38,8967.700915287918)

(39,370.67366997771757)

(40,359.0640737129507)

(41,2020.120972596422)

(42,282.1530044141129)

(43,281.22538515310083)

(44,281.15210770303037)

(45,4577.034492053914)

(46,329.57836464995415)

(47,324.03964893125965)

(48,3995.8805049233247)

(49,318.0024535604325)

(50,313.28595905016334)

(51,38473.73477202946)

(52,326.4153917510822)

(53,307.24441493499955)

(54,306.7743116552571)

(55,306.33374657220526)

(56,305.9103741509951)

(57,305.504766663974)

(58,305.1174041987635)

(59,304.7485875176221)

(60,304.3984274808923)

(61,304.0668388397139)

(62,303.7535376746736)

(63,303.45804276386497)

(64,303.1796810876682)

(65,302.91759754814734)

(66,302.67076883124514)

(67,302.43802117694577)

(68,302.2180516538632)

(69,302.0094523695049)

(70,301.8107368961536)

(71,301.6203680658942)

(72,301.4367861975422)

(73,301.25843677263634)

(74,301.0837965844414)

(75,300.91139744704196)

(76,300.73984667085625)

(77,300.5678436817683)

(78,300.3941923772428)

(79,300.2178090898124)

(80,300.0377266314468)

(81,299.8530987964891)

(82,299.66325228138044)

(83,299.46838157281246)

(84,299.27943325439327)

(85,299.27482868519155)

(86,299.2339408335721)

% MSE_test
(0,4486.899621543578)(1,526.4201355039232)(2,538.8738159932706)(3,12698.440847762411)(4,772.2922063646184)(5,750.6129531382442)(6,736.3484539870003)(7,722.507249765664)(8,709.1279971125854)(9,696.2427288791235)(10,683.8777084200148)(11,672.0563983480783)(12,660.7978898044466)(13,650.1171017020938)(14,640.0243810431849)(15,630.5254837487123)(16,621.6214789552636)(17,613.3088400645499)(18,605.5795556672639)(19,598.4213834309732)(20,591.8181360660564)(21,585.750091250132)(22,580.1944071473541)(23,575.1256552030598)(24,570.5162899085041)(25,566.3372731191885)(26,562.5584671689446)(27,559.1494094657024)(28,556.0792843552607)(29,553.318435788474)(30,550.8362811357573)(31,548.6076814978451)(32,546.5972425717587)(33,544.8046069014105)(34,543.1282047745794)(35,541.8068179592555)(36,539.8983111809779)(37,540.9475952414516)(38,8293.35864470995)(39,612.1317605546773)(40,620.9534770675219)(41,2823.2654567461364)(42,675.106162949757)(43,663.692671789145)(44,664.4068599187071)(45,3836.7053794669673)(46,511.4492775982809)(47,525.02113134236)(48,3338.6790661681207)(49,675.7500428285309)(50,690.4149222120892)(51,37123.3120776425)(52,723.4728149717047)(53,712.4171762944094)(54,709.2212999849286)(55,706.3189549182764)(56,703.3637818172334)(57,700.3904514882552)(58,697.3970223266383)(59,694.3876520404557)(60,691.3649231000065)(61,688.3317375693873)(62,685.2906263876773)(63,682.2439726151796)(64,679.1938309177195)(65,676.1419633196937)(66,673.0897414132215)(67,670.0381501975098)(68,666.9877135202058)(69,663.9385023208799)(70,660.8900668086907)(71,657.8414730817215)(72,654.7912216124145)(73,651.7373575424692)(74,648.6773045534052)(75,645.6082047692215)(76,642.5263443148057)(77,639.4284772218028)(78,636.30900989334)(79,633.1670769577853)(80,629.9883033285319)(81,626.796440674664)(82,623.4981151707997)(83,620.3856422591159)(84,616.4120887498359)(85,615.74642306301)(86,610.1197074347624)

% MSSE
(0,4620.67)(1,138.62542605326522)(2,91.59451034287784)(3,13995.03)(4,952.8733292972735)(5,908.4587245719636)(6,770.8130186521564)(7,802.9657605875269)(8,643.9097183992002)(9,548.0689879934638)(10,395.0778519785765)(11,426.89848195177046)(12,382.79259765571527)(13,578.776091768383)(14,610.8534413861997)(15,283.1940584576304)(16,400.3798363365578)(17,525.8272682198307)(18,205.21845805118872)(19,223.39134607012636)(20,598.0835755734936)(21,243.72819977101915)(22,292.5537284022452)(23,245.91447530189205)(24,282.75741743420474)(25,105.21698284502438)(26,224.65910097559296)(27,217.43635693615892)(28,188.6292919136888)(29,346.8195147936108)(30,128.0811221434672)(31,129.00083683383312)(32,197.35234367407608)(33,247.81160265307776)(34,239.45175139457012)(35,169.1418422377848)(36,255.58468975067038)(37,191.09597099784432)(38,9163.49)(39,476.7254762220229)(40,372.06684567501475)(41,1961.25)(42,328.1842490603171)(43,236.87908450197136)(44,149.21983566484403)(45,3923.52)(46,312.8153734934786)(47,347.2698345098608)(48,3648.08)(49,410.49614764552234)(50,353.51198549671915)(51,38094.76)(52,687.2722420591698)(53,559.0212340097606)(54,744.7682533236939)(55,590.2466875570045)(56,915.6598380946248)(57,343.0632501563179)(58,692.5808215628701)(59,416.9672121436313)(60,826.4797716394345)(61,466.3909079540729)(62,299.79365261359754)(63,787.0904988626102)(64,523.7751096304545)(65,269.3660717934886)(66,632.212672309334)(67,723.9641619423228)(68,469.02267057380305)(69,398.7149043232479)(70,820.0161713879779)(71,453.73945889817674)(72,183.08272420023394)(73,664.2068187813165)(74,381.1040438803557)(75,310.51122957740915)(76,645.3484876126643)(77,591.8898141547319)(78,235.58664199445843)(79,780.9292334676173)(80,328.2192585830126)(81,624.7097510931325)(82,346.1976241775745)(83,322.5078027365556)(84,381.7148803344914)(85,348.51689858629726)(86,524.193341843659)
