% MSE
(0,186.0306419589194)

(1,158.60449907802675)

(2,150.3288256412278)

(3,147.1151731572622)

(4,312.95934060196635)

(5,185.40633176337175)

(6,152.199630835008)

(7,143.83151247832075)

(8,141.34387879983672)

(9,140.09692740164792)

(10,139.0848223167081)

(11,138.11851135072055)

(12,137.16931328816506)

(13,136.2356145822585)

(14,135.3196483373459)

(15,495.99699050904934)

(16,274.4954127795494)

(17,215.30680221668308)

(18,198.85193868424633)

(19,192.51952180720804)

(20,188.33225077201953)

(21,184.5650278437527)

(22,180.89812327441248)

(23,177.28781347932403)

(24,173.7369934047848)

(25,170.25517414604758)

(26,166.8525456981649)

(27,163.53916818256792)

(28,160.32478960649124)

(29,157.21872094974805)

(30,154.2297134825307)

(31,151.36583633110357)

(32,148.63435669734204)

(33,146.0416256162262)

(34,143.59297233200803)

(35,141.29261047965966)

(36,139.14355926256283)

(37,137.14758270327584)

(38,135.30514979753852)

(39,133.61541801288809)

(40,132.07624203892374)

(41,130.68420902053978)

(42,129.43470070142436)

(43,128.32198199562575)

(44,127.3393145230064)

(45,126.47909263261698)

(46,125.73299844755299)

(47,125.09217155305517)

(48,124.54738817675279)

(49,124.08924413518048)

(50,123.70833549714098)

(51,123.39543088405063)

(52,123.14162961566528)

(53,122.93850052128123)

(54,122.77819715232269)

(55,122.65354630743843)

(56,122.55810814673617)

(57,122.48620763786536)

(58,122.43293853952109)

(59,122.39414247865734)

(60,122.36636681285879)

(61,122.3468058022448)

(62,122.33323008627491)

(63,122.32390954499482)

(64,122.31753433540024)

(65,122.3131382831549)

(66,122.31002796073558)

(67,122.30771979883066)

(68,122.30588657433574)

(69,122.30431389158915)

(70,122.30287416829313)

(71,122.30184354938967)

(72,122.3014913926717)

(73,122.30121425761466)

(74,2508.3643468248583)

(75,802.3667175270436)

(76,363.89022519420655)

(77,259.104696824864)

(78,233.29590610598748)

(79,224.11025147192163)

(80,218.01460894214284)

(81,212.44859775342172)

(82,207.00606170789905)

(83,201.64436432171013)

% MSE_test
(0,420.85117768965995)(1,402.0391352034642)(2,399.66026808468257)(3,401.05051694289335)(4,701.4268942181968)(5,564.9392768226808)(6,526.6200898668565)(7,516.004228366301)(8,512.9473975769231)(9,511.99134962051033)(10,511.6679024923979)(11,511.5559267748126)(12,511.5201711926171)(13,511.5134259622983)(14,511.5191045887112)(15,856.9122123262912)(16,615.3666415355766)(17,545.6523840302305)(18,525.1686794720193)(19,518.4862693387361)(20,515.8030371879687)(21,514.3872744778039)(22,513.4189453223364)(23,512.6250192776477)(24,511.90947124574615)(25,511.2397664667067)(26,510.6064401137092)(27,510.007773221711)(28,509.44420721308927)(29,508.91650424630495)(30,508.4252139630275)(31,507.9705343065829)(32,507.5522737358691)(33,507.16983871334673)(34,506.82223196563257)(35,506.50806030376845)(36,506.22555257617387)(37,505.9725882012765)(38,505.7467363792869)(39,505.5453056740629)(40,505.36540319852213)(41,505.2040021470901)(42,505.0580159183403)(43,504.9243765876612)(44,504.8001150550927)(45,504.68243984198045)(46,504.56881127710585)(47,504.4570077318911)(48,504.34518066363006)(49,504.23189552550195)(50,504.11615611066907)(51,503.9974106085658)(52,503.87553854089487)(53,503.7508187711975)(54,503.62387988569753)(55,503.495635350018)(56,503.36720687080725)(57,503.23984024449487)(58,503.11481857066264)(59,502.9933779763503)(60,502.8766308819474)(61,502.7655013478448)(62,502.66067611074334)(63,502.56257388937695)(64,502.471333488214)(65,502.38682227612946)(66,502.3086541509502)(67,502.2362555811366)(68,502.1687680019746)(69,502.1058817189809)(70,502.0434081022118)(71,502.001025144448)(72,501.9598190987151)(73,501.9731127854582)(74,2921.7583744589842)(75,1175.314488892225)(76,704.2844941435168)(77,581.8059155765708)(78,548.6672121002955)(79,537.7800637763161)(80,532.6368308699929)(81,529.134275740561)(82,526.1556075547583)(83,523.3598594642309)

% MSSE
(0,83.56)(1,169.15464331846206)(2,33.254930987091896)(3,35.36191628725407)(4,454.36)(5,140.02679614137926)(6,522.6343259786914)(7,147.21790264461717)(8,595.337744248177)(9,273.2701993917406)(10,829.7378493582323)(11,77.4957174575265)(12,39.50103267627997)(13,205.91532100648405)(14,306.9033862679268)(15,388.78)(16,445.85215542349704)(17,490.25368755183973)(18,516.3921986252402)(19,334.5901140080481)(20,360.5996371953217)(21,330.9176690537977)(22,669.323961848628)(23,108.88328420826359)(24,313.48627265634354)(25,327.1336807055446)(26,247.78307411778317)(27,538.1578391763527)(28,747.5410850936081)(29,408.751320209615)(30,263.179624373728)(31,158.83669802052904)(32,39.78657704404146)(33,60.92788273801511)(34,46.096450843459344)(35,541.4139739275928)(36,216.014672513361)(37,236.9875633740838)(38,389.0606601384201)(39,390.0599585224321)(40,206.33189822793247)(41,202.55335206325384)(42,210.81425761262287)(43,13.565922813317524)(44,24.233409442530597)(45,33.42372640343169)(46,392.54648207016106)(47,105.55379344084851)(48,149.95421675676934)(49,210.37218864303082)(50,590.5950029674956)(51,14.423805313253093)(52,204.36304712119167)(53,30.847126293372966)(54,206.370523886461)(55,205.25466962993107)(56,200.6933480151976)(57,529.648152013209)(58,218.32739154082034)(59,26.181102053118522)(60,211.1340452346579)(61,405.14472609317687)(62,367.2585404212657)(63,16.07306362579104)(64,378.7954170687497)(65,25.132213187771384)(66,194.03628080616153)(67,405.41625654660953)(68,18.094399715536067)(69,26.710648049496694)(70,205.2391298501443)(71,25.375183073429543)(72,21.609282763608075)(73,553.5597326543851)(74,2612.21)(75,941.7495262126268)(76,495.26111806460887)(77,352.9833641601903)(78,312.6058534784885)(79,242.56417314898277)(80,392.2741570881535)(81,227.30512771143643)(82,288.8687451617071)(83,241.1144333044465)
