% MSE
(0,2580.983613459725)

(1,1934.8275221648669)

(2,1828.7120808523043)

(3,1793.5236667410124)

(4,1770.9550345479622)

(5,1751.4119417760226)

(6,1732.9062085261432)

(7,1714.9508159793938)

(8,1697.4229361720177)

(9,1680.3113221263045)

(10,1663.6618655264951)

(11,1647.5972913710782)

(12,1632.4338270637286)

(13,1619.0890293644952)

(14,1610.578728199751)

(15,3856.7859888265184)

(16,2345.7483783465113)

(17,2110.55508169209)

(18,16370.15748761987)

(19,4029.2018964064787)

(20,2301.303845496795)

(21,1964.598811378901)

(22,1872.3013195135402)

(23,1835.179319904711)

(24,1813.5371805722523)

(25,6501.95301490033)

(26,2529.8547453776087)

(27,1950.8758193703247)

(28,1817.3130181038518)

(29,1762.6634273205711)

(30,1726.502575341485)

(31,1696.2005693234255)

(32,1668.564772394134)

(33,1642.6971906636293)

(34,1618.408443873215)

(35,1595.8767690890254)

(36,1575.7727135756702)

(37,1559.9929835198186)

(38,1554.2235278957771)

(39,1543.9000948835037)

(40,1542.6039997149728)

(41,1518.366105861947)

(42,1503.3363447928207)

(43,1494.4425830489174)

(44,1492.6236033244986)

(45,5216.894375182541)

(46,2330.1995868157346)

(47,1916.4825394454383)

(48,1826.9792842561715)

(49,1794.4906384699912)

(50,1774.9346723171786)

(51,1759.0713451599454)

(52,1744.5423830272641)

(53,1730.6650801522621)

(54,1717.2765500743797)

(55,1704.485517822791)

(56,1692.7635435919333)

(57,1683.4802506016701)

(58,1680.7719262710173)

(59,4378.950095444274)

(60,2062.40924064682)

(61,1726.8057533574508)

(62,1651.1004833747295)

(63,1621.2986004577579)

(64,1602.1110678885238)

(65,1586.1547425724275)

(66,1571.5574276445138)

(67,1557.7877458636103)

(68,1544.7292352516602)

(69,1532.481348890959)

(70,1521.4323334910277)

(71,1512.6877481369443)

(72,1509.566969483023)

(73,1503.5709798148866)

(74,1502.7050566782805)

(75,1488.357494351209)

(76,1479.2910473102136)

(77,1473.7091559773182)

(78,2261.7289823083875)

(79,2124.2550606685736)

(80,2090.0659982877633)

(81,2069.311887943678)

(82,2178.3036594669734)

(83,2003.0054301521382)

(84,1942.1872505051595)

(85,1897.7598996277145)

(86,1857.6005110063413)

(87,1819.7684740460704)

% MSE_test
(0,2748.748889169056)(1,1961.3791279455475)(2,1923.0715604081981)(3,1861.4790393469486)(4,1857.941981746977)(5,1831.4583824333572)(6,1822.95608457466)(7,1802.6707092458691)(8,1793.0314955967744)(9,1774.5801814264169)(10,1765.9319370413339)(11,1747.6092619304811)(12,1742.528716946766)(13,1723.0915207147877)(14,1731.126143404531)(15,4310.694574985471)(16,2147.8608286602566)(17,2196.235712729072)(18,16547.05629413244)(19,3966.20342768435)(20,2489.5760728699192)(21,2064.001286010436)(22,2028.6823119026985)(23,1961.0452441338562)(24,1964.449252855033)(25,6648.882294359782)(26,2669.5815025074)(27,2136.6279118905777)(28,1982.7340054801623)(29,1934.5101526415833)(30,1888.3920711232088)(31,1858.9551840678237)(32,1824.7174798985197)(33,1798.821643344667)(34,1769.275805610014)(35,1747.1318416828042)(36,1722.218499806888)(37,1707.8606308043343)(38,1696.8906837098812)(39,1689.0730249266505)(40,1684.3038902562844)(41,1661.4101917543937)(42,1646.1432392304237)(43,1635.9912407404915)(44,1636.5505260659486)(45,5267.014599960625)(46,2479.5300150647067)(47,2061.7981456223242)(48,1982.2809491075504)(49,1946.9231363960196)(50,1931.3247405200232)(51,1914.4249796263905)(52,1902.6384867024137)(53,1888.2344858234358)(54,1877.3499520585722)(55,1863.9113522411487)(56,1854.9384446456183)(57,1844.228330656712)(58,1845.0368562911376)(59,4442.425548899932)(60,2197.5059902623)(61,1860.945963147337)(62,1789.128852725047)(63,1757.4108473031388)(64,1738.634641479937)(65,1721.8471232436711)(66,1707.2007604526632)(67,1693.221631443405)(68,1679.9956227490654)(69,1668.169536808854)(70,1656.5652322787266)(71,1649.4470544600063)(72,1643.8639444422513)(73,1642.342176928187)(74,1636.129031973727)(75,1628.8936960219794)(76,1613.8493183061078)(77,1616.0025076682775)(78,2328.38026988871)(79,2294.6036485941977)(80,2227.1420100855457)(81,2229.765180320273)(82,2433.1281531597515)(83,2419.7396379186534)(84,2277.1703133784977)(85,2249.8983553451258)(86,2179.9822354648004)(87,2139.430720404906)

% MSSE
(0,2107.52)(1,808.8323437478894)(2,824.3258678082752)(3,710.3165368300731)(4,685.7026484589131)(5,631.5936515899342)(6,760.3847357884448)(7,596.5014413601899)(8,600.3002903633633)(9,493.61088925538104)(10,573.9287272675139)(11,549.4558653691828)(12,463.4405813291328)(13,547.3833716235233)(14,454.91408860300834)(15,4115.38)(16,1310.4221157598924)(17,1134.520028845993)(18,17243.38)(19,3493.5526154507916)(20,2341.3982512029525)(21,1316.1257238585642)(22,1577.891326420118)(23,1435.5362118847895)(24,1738.6493513903458)(25,6097.1)(26,1405.7817937535667)(27,865.8952822465233)(28,516.8468065374313)(29,646.4726547015446)(30,397.5321459760864)(31,362.0593893229597)(32,322.7460545191054)(33,348.20293686535405)(34,294.4106996206609)(35,305.7641796448797)(36,222.39603475683313)(37,277.40180957640956)(38,137.30978724634625)(39,248.9650270520902)(40,155.2501478344377)(41,270.73624243650875)(42,130.63678716687056)(43,236.93396233199485)(44,168.02099449935469)(45,3572.06)(46,2213.9559343731908)(47,1702.8231387713097)(48,1829.5920690971)(49,1370.9242354760206)(50,1434.1169803413882)(51,1011.7621400914139)(52,1329.849836632464)(53,1254.2382199636)(54,1164.312713448424)(55,1315.746714825957)(56,1013.6170155745327)(57,997.2464472633895)(58,978.9065482901096)(59,2613.56)(60,1177.0289834453224)(61,672.6012101026452)(62,612.8928401100422)(63,576.4865217929374)(64,424.5771811548891)(65,412.29272644300823)(66,340.3948772930399)(67,324.91342947217834)(68,367.83783399367536)(69,287.76600504689543)(70,341.3679207965267)(71,291.5279669652634)(72,389.0177890678907)(73,247.679234035449)(74,365.85326141399537)(75,237.83304868045875)(76,344.61280781181347)(77,272.69452175331185)(78,2954.96)(79,2372.939527215452)(80,2036.053957201158)(81,2102.9599012067292)(82,2726.17)(83,2144.00487124941)(84,2211.0129745315517)(85,1865.5088888508835)(86,2023.7480312899988)(87,1708.9143935362063)
