% MSE
(0,12231.151559939071)

(1,5905.148976526136)

(2,5857.984896946189)

(3,5811.496390374577)

(4,5765.404348072548)

(5,5719.813796793352)

(6,5674.829766326567)

(7,5630.555644450211)

(8,5587.092138194977)

(9,5544.536224424096)

(10,5502.980105025118)

(11,5462.510188942876)

(12,5423.206124717055)

(13,5385.139907808698)

(14,5348.375086757658)

(15,5312.96609099366)

(16,5278.957700849267)

(17,5246.384676964539)

(18,5215.271561865942)

(19,5185.632661154857)

(20,5157.472205642617)

(21,5130.784689190003)

(22,5105.55537029333)

(23,5081.760919010874)

(24,5059.370185080269)

(25,5038.345058480003)

(26,5018.641390638155)

(27,5000.2099433092735)

(28,4982.997333034433)

(29,4966.9469422478505)

(30,4951.9997749715785)

(31,4938.095265285221)

(32,4925.172372721115)

(33,4913.176082133149)

(34,4902.154635352309)

(35,11631.38956500428)

(36,6148.345209951265)

(37,6081.095430346728)

(38,6014.978165523091)

(39,5949.830491563807)

(40,5885.8189997382315)

(41,5823.107595094014)

(42,5761.855151032041)

(43,5702.213674611664)

(44,5644.32646949391)

(45,5588.326330977804)

(46,5534.33381535922)

(47,5482.45562830205)

(48,5432.783177944482)

(49,5385.391337878278)

(50,5340.3374627100275)

(51,5297.660694476616)

(52,5257.381591666052)

(53,5219.502104027564)

(54,5184.005905911894)

(55,5150.859088884074)

(56,5120.0112012693635)

(57,5091.396608746424)

(58,5064.936136831617)

(59,5040.538943929381)

(60,5018.104563409307)

(61,4997.525045724431)

(62,4978.687127603035)

(63,4961.474355336657)

(64,4945.769093502031)

(65,4931.454360400265)

(66,4918.415463856565)

(67,4906.54170034888)

(68,4895.732515570179)

(69,4885.98171356068)

(70,13253.337084100043)

(71,7140.587332740912)

(72,7013.706610724321)

(73,6889.29179847534)

(74,6767.301895336297)

(75,6648.053344001532)

(76,6531.851162688583)

(77,6418.984611467559)

(78,6309.723488001361)

(79,6204.314531944468)

(80,6102.978024564369)

(81,6005.904679411036)

(82,5913.252921352934)

% MSE_test
(0,7199.869109837547)(1,4364.696197486305)(2,4345.469753477098)(3,4295.6198723214275)(4,4247.055472163609)(5,4198.31977051652)(6,4149.682939680219)(7,4101.221521871026)(8,4053.0508263052657)(9,4005.2796892361825)(10,3958.0217029471123)(11,3911.390481435594)(12,3865.500672394453)(13,3820.466343757858)(14,3776.400745792498)(15,3733.4151768266656)(16,3691.61848883888)(17,3651.1160586796123)(18,3612.009275117668)(19,3574.3945093627362)(20,3538.3627327424783)(21,3503.998349302083)(22,3471.3792163416974)(23,3440.574883867861)(24,3411.647967016927)(25,3384.6497920271026)(26,3359.6277161631438)(27,3336.607073525051)(28,3315.6331600892877)(29,3296.660707034131)(30,3279.860934635829)(31,3264.7016815973266)(32,3252.895564287718)(33,3238.2985901942034)(34,3244.039467019779)(35,7582.0089227769195)(36,4831.315317866754)(37,4787.978549232696)(38,4720.750057508247)(39,4654.7369871197325)(40,4588.859005582184)(41,4523.395219517226)(42,4458.471878146611)(43,4394.245001664007)(44,4330.864030302242)(45,4268.48008048727)(46,4207.24156258771)(47,4147.294370993454)(48,4088.7800131816616)(49,4031.8348758627376)(50,3976.588829257281)(51,3923.1644114289493)(52,3871.6756623967976)(53,3822.2274627134684)(54,3774.914550671679)(55,3729.8211644928792)(56,3687.0201469500485)(57,3646.573117817337)(58,3608.5292787509557)(59,3572.9268754113277)(60,3539.7900009002474)(61,3509.135124086009)(62,3480.9565419830624)(63,3455.2620019662063)(64,3431.9803872982566)(65,3411.2211494902544)(66,3392.495756007273)(67,3377.2253536591747)(68,3360.1142952982063)(69,3360.993296598384)(70,7961.182523721739)(71,5125.131633501497)(72,5052.017656847653)(73,4951.589497783976)(74,4853.742975773239)(75,4757.277976840119)(76,4662.599316162518)(77,4569.922831594285)(78,4479.4904441360895)(79,4391.525907858019)(80,4306.243430727585)(81,4223.841469205502)(82,4144.5020754940215)

% MSSE
(0,7252.46)(1,1659.16121259779)(2,1467.067704793413)(3,1669.620589389058)(4,1513.9666508428027)(5,1078.6811478681775)(6,1252.949882189232)(7,1034.5358599547458)(8,815.8614581455535)(9,806.866360564287)(10,847.8821952976244)(11,851.4626651509911)(12,712.582134165547)(13,642.4974959736659)(14,848.9044693606897)(15,695.1881635201194)(16,610.1093821488172)(17,661.2342777995684)(18,629.2942655177642)(19,494.4577118345145)(20,616.4233126960535)(21,646.1736847810995)(22,651.3827798480552)(23,565.8806677951842)(24,685.1590970367631)(25,626.5469737922427)(26,698.7131502616546)(27,682.4776601310322)(28,922.9453342301049)(29,743.9560397109951)(30,902.6963121392607)(31,1032.1788845454903)(32,1324.7719060456327)(33,1135.3877121543287)(34,1287.5124247238716)(35,7914.69)(36,3549.71212446953)(37,3322.0629708238357)(38,3569.4187997028675)(39,3379.4072290933377)(40,3910.9917065354966)(41,2441.9951040611504)(42,1958.3458865518892)(43,2532.098694903497)(44,1847.2494737231214)(45,1723.1005815751698)(46,1853.716870694386)(47,1498.2233344074036)(48,1597.0649312108894)(49,1544.3019228089731)(50,1514.265202746869)(51,1226.675874383596)(52,896.1144406351116)(53,1468.5704005587497)(54,1223.6485255933808)(55,1404.958630798854)(56,959.0278405658694)(57,1188.6565650150299)(58,1013.6300488233445)(59,1398.7104279563273)(60,1158.0563135301622)(61,1127.4981834391738)(62,1086.2970912365226)(63,1553.9481950292175)(64,1218.9191610475693)(65,1258.7433604392165)(66,1283.1766244708094)(67,1424.8975501589985)(68,2091.2912484247795)(69,1675.2495742695496)(70,13241.03)(71,6262.532842354375)(72,9027.644760715159)(73,5836.842627664815)(74,6836.664051947361)(75,6093.217767179822)(76,5889.373892951848)(77,6433.632167582313)(78,5013.155351460302)(79,5174.087738874938)(80,4878.074436064771)(81,4411.660906039205)(82,4026.969590335554)
