% MSE
(0,8373.945527855823)

(1,7565.6527998043475)

(2,7119.940288206505)

(3,6740.257313212767)

(4,6417.782638467204)

(5,6145.7318431297135)

(6,5917.612793111523)

(7,5727.298904621111)

(8,8000.35601986541)

(9,7420.627950597222)

(10,16185.018424690948)

(11,7644.198989445272)

(12,7231.334263524621)

(13,8063.6242071339375)

(14,6329.600960222105)

(15,14167.832050180485)

(16,9169.752815975293)

(17,8385.479944700612)

(18,7742.257941955575)

(19,7200.693251648245)

(20,6748.258202898154)

(21,6373.351025276645)

(22,6065.032840927677)

(23,5813.165994907629)

(24,5608.527998069433)

(25,7714.989302499021)

(26,6639.35739238488)

(27,6364.254447282827)

(28,8006.977921430829)

(29,7126.571979406173)

(30,6858.056301410531)

(31,7439.243566356471)

(32,6373.834874679798)

(33,6176.208790049429)

(34,8625.524838296118)

(35,7653.093887171338)

(36,12942.691175031097)

(37,7322.8145036112455)

(38,6943.228158495603)

(39,6643.456697311995)

(40,14702.358322875303)

(41,9088.871229718918)

(42,8301.28166906914)

(43,7660.637849765913)

(44,7123.203610501604)

(45,6676.088905158118)

(46,6307.411900490731)

(47,6005.973159983326)

(48,5761.395450428853)

(49,5564.240450937275)

(50,5406.084790035658)

(51,17118.5845153061)

(52,6329.995897234637)

(53,6021.728546128629)

(54,17074.76038013497)

(55,7728.9803664495685)

(56,7366.900778492832)

(57,11189.896291848385)

(58,7956.849336384121)

(59,7394.195648060535)

(60,6930.992139597367)

(61,6541.184152008633)

(62,6215.695205311991)

(63,5946.081067053001)

(64,5724.382180913316)

(65,5543.2259750283265)

(66,13211.684235492823)

(67,9263.70917762082)

(68,8440.88009224577)

(69,7761.605065901003)

(70,7192.570827646536)

(71,6720.193807081873)

(72,6331.7376956700555)

(73,6015.1899204747315)

(74,5759.419032010588)

(75,5554.300257593156)

(76,5390.797090204035)

(77,9520.240984680979)

(78,8833.911565818946)

(79,10672.222374020062)

(80,6831.589530759698)

(81,6467.132677598378)

(82,6177.955693073509)

(83,5935.621235752417)

(84,5734.069863364616)

(85,5567.851414190737)

(86,5431.836344283497)

(87,5321.275263043296)

(88,11157.775877788517)

(89,9579.394811825923)

(90,8839.49961771962)

(91,8207.864904966971)

(92,7668.772699910957)

(93,7211.43283991599)

(94,6825.541959391686)

(95,6501.37081526095)

(96,6229.898032551119)

(97,9722.224685665407)

(98,7889.989252512811)

% MSE_test
(0,9010.612742742527)(1,7593.433265734303)(2,7506.129968176523)(3,7377.656448731837)(4,7304.218244872265)(5,7263.5039955504235)(6,7253.95158154727)(7,7269.4353501839705)(8,8096.5019917692825)(9,8230.624473282496)(10,20226.1422459365)(11,6848.841531850863)(12,7147.602324295044)(13,7145.094132093454)(14,7779.608661009645)(15,16015.2452480865)(16,8294.282637763814)(17,8134.540626089096)(18,7786.295087988712)(19,7561.162784536635)(20,7392.440216691529)(21,7283.428944835351)(22,7221.4079242326325)(23,7199.563924338045)(24,7209.828532538954)(25,9571.522686499477)(26,7211.217387139248)(27,7285.841162518155)(28,9277.943972234763)(29,7229.154908637279)(30,7323.342101545781)(31,8854.101532433777)(32,6487.989640570502)(33,6619.787066607715)(34,8983.770896417927)(35,9137.031503172047)(36,8638.127747394867)(37,7257.379520858512)(38,6792.721561644674)(39,6804.6613882328775)(40,12128.644697642065)(41,9844.58200856758)(42,9111.972676692194)(43,8811.62818122507)(44,8541.645389301184)(45,8349.336241850528)(46,8211.689203743752)(47,8123.487598645568)(48,8074.82066775853)(49,8058.702219006486)(50,8068.007696567679)(51,23464.814907577438)(52,8026.651332012124)(53,8277.738825502067)(54,20663.632257028377)(55,5892.473461470207)(56,6301.884699865965)(57,9110.4560000742)(58,8552.909912168834)(59,8057.97808789683)(60,7887.342148372889)(61,7733.99538685503)(62,7635.765621716562)(63,7575.445410699029)(64,7549.6220714454885)(65,7551.211892509645)(66,10552.951361679385)(67,9646.943195045722)(68,8938.116966980748)(69,8618.829101323676)(70,8340.596937684917)(71,8143.247667947395)(72,8004.709993543143)(73,7918.643185342036)(74,7874.736735627647)(75,7865.397279303181)(76,7883.083550023503)(77,7329.727837477031)(78,7333.410371948229)(79,9658.584160621915)(80,9210.961172720006)(81,8751.78624792692)(82,8682.019516803875)(83,8596.070158232815)(84,8549.416214429693)(85,8523.87555652815)(86,8519.351120039148)(87,8530.529208454464)(88,10178.28621133356)(89,7645.838687478962)(90,7440.4221741690535)(91,7178.27803094926)(92,7005.1007098723085)(93,6886.245062425572)(94,6819.068784127982)(95,6793.883524602859)(96,6804.001753631176)(97,6910.71379293349)(98,7375.412890973556)

% MSSE
(0,9294.4)(1,6976.626961951378)(2,7300.2703236647485)(3,4756.190010708939)(4,5196.844751690161)(5,3319.64647418941)(6,3307.4485625837838)(7,1968.5546595382052)(8,10201.09)(9,9120.151129345431)(10,16602.8)(11,6104.617787812753)(12,5017.854109236855)(13,6958.97)(14,5136.316828763843)(15,17482.06)(16,12833.61767705585)(17,10171.016350006512)(18,8399.516132210249)(19,7067.036962704063)(20,5632.452425195865)(21,4412.367607914421)(22,5058.262927372933)(23,4232.323081947309)(24,3122.540935490653)(25,7150.52)(26,5203.607722672587)(27,4253.960537531964)(28,6434.08)(29,3826.547432882033)(30,3336.1646174484176)(31,4325.11)(32,4030.6021969590406)(33,3650.388753375411)(34,11718.23)(35,7864.614629838486)(36,10862.71)(37,5464.205121647613)(38,4020.3936483482753)(39,3708.6021767490474)(40,26725.43)(41,15430.57783519776)(42,12168.435237280315)(43,11463.622521107054)(44,8519.367859334492)(45,7307.171221662173)(46,8382.448566798546)(47,6537.204894676272)(48,6013.06088136468)(49,4661.279620544867)(50,5323.468436596831)(51,20541.13)(52,8120.849963014348)(53,4870.504790253193)(54,15698.33)(55,4842.917988057666)(56,3997.7941715536645)(57,15744.1)(58,9206.375977547194)(59,8469.028697405562)(60,7587.941744323982)(61,5412.635700211654)(62,6132.982948829201)(63,3510.416345968707)(64,3794.764468691453)(65,3644.65659171577)(66,22038.05)(67,12956.333239710752)(68,13694.612292951566)(69,11398.185738432447)(70,8241.312114681976)(71,6865.795058423778)(72,4354.6311754156295)(73,4501.085229997255)(74,4345.85383224029)(75,2785.701498465259)(76,3453.5980528457417)(77,12122.71)(78,10889.495866438849)(79,13328.73)(80,7781.896359825964)(81,5807.744876111534)(82,6717.9150455485715)(83,5124.157548729496)(84,3743.351725303182)(85,4370.088283856797)(86,3748.719363365019)(87,3502.6266755457996)(88,18143.34)(89,13495.754863904696)(90,9946.419273959104)(91,8462.406368078528)(92,5984.762447973931)(93,6312.40821964356)(94,5837.80835537695)(95,4494.21097157219)(96,4286.307379700129)(97,12197.86)(98,5778.64482717643)
