% MSE
(0,2351.9898857291005)

(1,1999.3591363259343)

(2,1976.7145946772544)

(3,1967.5917600170872)

(4,1958.9126579633376)

(5,1950.3571541982167)

(6,1941.9428954244072)

(7,1933.6920202943104)

(8,1925.6261850679107)

(9,1917.7662974449267)

(10,1910.1322715208998)

(11,1902.7427830287818)

(12,1895.6150300975548)

(13,1888.7645051940224)

(14,1882.2047841821936)

(15,1875.9473385180045)

(16,1870.0013764627045)

(17,1864.3737188193636)

(18,1859.0687140566577)

(19,1854.0881967772393)

(20,1849.4314923258712)

(21,1845.0954689431244)

(22,1841.074637301622)

(23,1837.3612955797569)

(24,3270.562322960319)

(25,2202.4262979225978)

(26,2145.487482191471)

(27,2129.701892693084)

(28,2114.9467290319985)

(29,2100.2049532388246)

(30,2085.4966255937006)

(31,2070.85782293549)

(32,2056.3258882977666)

(33,2041.939103293599)

(34,2027.736404388966)

(35,2013.7570656951937)

(36,2000.040350077117)

(37,1986.6251313962791)

(38,1973.5494917502933)

(39,1960.8502986620786)

(40,1948.5627682876163)

(41,1936.7200218124353)

(42,1925.3526432539825)

(43,1914.4882478315174)

(44,1904.1510708554124)

(45,1894.3615876681222)

(46,1885.1361754833779)

(47,1876.4868279633815)

(48,1868.4209329954224)

(49,1860.9411233373405)

(50,1854.0452085651802)

(51,1847.7261950621537)

(52,1841.9723986416561)

(53,1836.7676518285764)

(54,1832.091604889913)

(55,1827.9201164944525)

(56,1824.2257265091764)

(57,1820.9782000534046)

(58,1818.1451287020034)

(59,1815.692571847071)

(60,1813.5857188927032)

(61,1811.7895513652377)

(62,1810.2694833467062)

(63,1808.9919590203745)

(64,1807.9249876728243)

(65,1807.0386001527984)

(66,1806.3052399753608)

(67,1805.7008267094036)

(68,1805.2299596781397)

(69,1805.1689371705365)

(70,1805.0238484954891)

(71,4192.024344603517)

(72,2098.7675062052394)

(73,2006.7741969926353)

(74,1996.3230961981656)

(75,1987.9682494129224)

(76,1979.6499211574906)

(77,1971.358372142551)

(78,1963.1134181410928)

(79,1954.9355290292017)

(80,1946.8455204656673)

(81,1938.8643833303715)

(82,1931.0130970920188)

% MSE_test
(0,3466.3453747925)(1,3073.562089011268)(2,3042.0912674123783)(3,3035.5915341578784)(4,3031.7183157966724)(5,3028.285745169064)(6,3025.0485198236115)(7,3021.9968228949756)(8,3019.1402296903116)(9,3016.4876312892334)(10,3014.046383018339)(11,3011.822159854825)(12,3009.818810216555)(13,3008.0382372741287)(14,3006.4803108417495)(15,3005.1428155793546)(16,3004.021440073136)(17,3003.109810678428)(18,3002.3995728118452)(19,3001.880521004384)(20,3001.5407773646393)(21,3001.367016277348)(22,3001.3447312006188)(23,3001.458537454387)(24,4678.180299607212)(25,3599.5000417412043)(26,3523.487109236619)(27,3500.38920723941)(28,3480.689898867111)(29,3461.2321888247925)(30,3441.7537724323056)(31,3422.2736003543946)(32,3402.8350645332557)(33,3383.483848887774)(34,3364.266946938723)(35,3345.2323629803645)(36,3326.4287544186664)(37,3307.905040401162)(38,3289.7099777762314)(39,3271.891709231869)(40,3254.4972891690463)(41,3237.572194176716)(42,3221.159826087831)(43,3205.3010166788104)(44,3190.0335439954747)(45,3175.3916710232493)(46,3161.4057178912435)(47,3148.101678958273)(48,3135.5008959132847)(49,3123.6197973856324)(50,3112.469714468469)(51,3102.056779980948)(52,3092.3819172552717)(53,3083.4409217110497)(54,3075.2246356361384)(55,3067.7192132749938)(56,3060.906470254114)(57,3054.7643071721823)(58,3049.2671962642976)(59,3044.3867102429845)(60,3040.0920926715175)(61,3036.350790612248)(62,3033.129152029984)(63,3030.392394522459)(64,3028.1074850607574)(65,3026.232685426903)(66,3024.770236579983)(67,3023.500935616312)(68,3023.444477906621)(69,3021.097665624561)(70,3023.9470314130626)(71,5387.7894902869175)(72,3159.310602204287)(73,3015.8934435770207)(74,3000.202405151928)(75,2995.6543053882524)(76,2992.4125153029977)(77,2989.400193601456)(78,2986.544314472567)(79,2983.858158199564)(80,2981.3574737885033)(81,2979.0574596455695)(82,2976.9726349270004)

% MSSE
(0,1398.29)(1,769.2807788389105)(2,715.1738507211064)(3,753.9682386140735)(4,515.0298580230663)(5,682.4962286190109)(6,554.6378290944014)(7,724.0367962263091)(8,777.4293841197693)(9,632.6809440037171)(10,588.6281757091591)(11,709.0363185855631)(12,854.8083811918755)(13,720.7128221195767)(14,664.1827032916731)(15,740.8153305508342)(16,661.5905555574058)(17,624.6800002493951)(18,612.5229523142206)(19,672.1273610956982)(20,742.8316551657703)(21,626.0811527327099)(22,817.7824600799739)(23,737.2697926719321)(24,3397.98)(25,2623.060992842834)(26,1901.229562186608)(27,2289.897255170902)(28,2301.5897214158254)(29,1988.2181345400948)(30,2170.359998684071)(31,2103.8884366530706)(32,2328.3063726140904)(33,2056.0497636851705)(34,1930.3517599899264)(35,2325.9147792815247)(36,1870.8558960984246)(37,1402.2137082575036)(38,1590.4644559376427)(39,1309.9222550080542)(40,1507.3471706160146)(41,1526.4371064859993)(42,1364.8746155238239)(43,1492.0736185587114)(44,1474.6055945008857)(45,1240.0499089751775)(46,1209.1671403832274)(47,1202.6634596684821)(48,1179.0896784376707)(49,1124.088793030481)(50,1227.0098989143542)(51,1244.3960223186223)(52,806.0280761107392)(53,1027.2985060633391)(54,777.0123480487938)(55,921.3632118875453)(56,770.6922419766107)(57,835.9293533407232)(58,810.7042474470753)(59,815.8119350271778)(60,843.2944814803341)(61,723.7246886781635)(62,709.221511345955)(63,673.329880678811)(64,613.6648353357477)(65,743.6547093309262)(66,767.5465412369423)(67,665.0824578443807)(68,627.3941639827542)(69,749.5936815082157)(70,676.754167954506)(71,3782.14)(72,958.5458580588635)(73,886.0107480432061)(74,968.5148887415173)(75,653.943993974714)(76,522.4356495990623)(77,927.5774292647739)(78,599.8917815025688)(79,656.9585192707564)(80,550.3153348733548)(81,776.9263965893708)(82,604.1235176447543)
